     0/199    0.858G     0.117   0.01266         0    0.1296         8       416   0.02618    0.1818   0.01661  0.003784   0.08079   0.01232         0
     1/199     1.38G   0.09466   0.01377         0    0.1084        13       416    0.3514    0.4545    0.3749   0.05039   0.06547   0.01219         0
     2/199     1.38G    0.0764    0.0141         0    0.0905        11       416    0.9964    0.3636    0.4625    0.1128   0.05539   0.01115         0
     3/199     1.38G   0.06896   0.01257         0   0.08154        11       416         1    0.3636    0.5032    0.1696   0.05064   0.01058         0
     4/199     1.38G   0.06414   0.01205         0    0.0762        11       416    0.6661    0.5443    0.5846    0.2032   0.05135   0.01002         0
     5/199     1.38G   0.06115   0.01135         0    0.0725        11       416    0.6911    0.6364    0.6419    0.2138   0.04753   0.00945         0
     6/199     1.38G   0.05999   0.01062         0    0.0706         6       416    0.8887    0.7257    0.8248    0.2781    0.0475  0.009155         0
     7/199     1.38G   0.06008   0.01062         0   0.07071         9       416    0.7482    0.8182    0.7621     0.262   0.04968  0.009006         0
     8/199     1.38G    0.0584   0.01007         0   0.06848        11       416    0.8852    0.7273    0.7918    0.2632   0.04829  0.008252         0
     9/199     1.38G   0.05848   0.00979         0   0.06827         6       416         1    0.5446    0.7908    0.2674   0.04989  0.007711         0
    10/199     1.38G     0.058  0.009731         0   0.06773         8       416    0.6996    0.6364    0.6955    0.1704   0.05082  0.007774         0
    11/199     1.38G   0.05673   0.01012         0   0.06686        10       416    0.8566    0.5455    0.6697    0.2817    0.0463  0.007776         0
    12/199     1.38G   0.05663   0.01007         0    0.0667        11       416       0.8    0.7273    0.7028    0.1352   0.05575  0.007619         0
    13/199     1.38G   0.05674  0.009713         0   0.06645         9       416    0.9966    0.4545     0.576      0.18   0.05593   0.00955         0
    14/199     1.38G   0.05711  0.009606         0   0.06672        11       416    0.8569    0.5455    0.6252    0.2956   0.04706  0.007626         0
    15/199     1.38G   0.05695  0.009798         0   0.06675         8       416    0.9999    0.3636    0.5199    0.1749   0.05935  0.007579         0
    16/199     1.38G   0.05664  0.009383         0   0.06602         9       416    0.6362    0.6364    0.6459    0.2141   0.05379  0.007419         0
    17/199     1.38G    0.0549  0.009455         0   0.06435        14       416         1    0.7258     0.874    0.3166    0.0429  0.006831         0
    18/199     1.38G    0.0544  0.009327         0   0.06373        10       416    0.9971    0.4545    0.5816    0.2135   0.04549  0.007936         0
    19/199     1.38G   0.05387  0.009238         0   0.06311        11       416    0.9982    0.6364    0.7538    0.2852   0.04909  0.006602         0
    20/199     1.38G   0.05386  0.009264         0   0.06313         7       416    0.8886    0.7254    0.7622    0.3363   0.04477   0.00704         0
    21/199     1.38G   0.05298   0.00904         0   0.06202         9       416    0.8718    0.6364    0.7204    0.2772   0.04289  0.007764         0
    22/199     1.38G   0.05148  0.009374         0   0.06086         9       416    0.8181     0.818    0.7878    0.2479   0.04216  0.007133         0
    23/199     1.38G   0.05082  0.008652         0   0.05947         5       416    0.8885    0.7273    0.8227    0.3423   0.04103  0.007041         0
    24/199     1.38G   0.05021  0.008707         0   0.05892        12       416       0.9    0.8178    0.8303     0.421   0.04053  0.006396         0
    25/199     1.38G   0.05028  0.008902         0   0.05919        13       416    0.6998    0.6364     0.611    0.2666   0.04214  0.006897         0
    26/199     1.38G   0.05057  0.008684         0   0.05925        10       416    0.6153    0.7273    0.6534    0.3366   0.04223  0.006231         0
    27/199     1.38G   0.04885  0.008496         0   0.05735        12       416         1    0.8155    0.8383    0.3438   0.04259  0.007142         0
    28/199     1.38G   0.04837  0.008232         0    0.0566        11       416    0.9994    0.6364    0.7223     0.355   0.04299  0.006554         0
    29/199     1.38G   0.04756  0.008216         0   0.05578        13       416    0.7995    0.7273     0.762    0.3612   0.04424  0.005893         0
    30/199     1.38G   0.04878  0.008678         0   0.05746        14       416     0.727    0.7273    0.6472    0.2876   0.04973  0.006391         0
    31/199     1.38G   0.04838  0.008572         0   0.05695         9       416    0.9996    0.7273    0.8017    0.3181   0.04796  0.006285         0
    32/199     1.38G   0.04717  0.008444         0   0.05561         9       416    0.6666    0.7273    0.7168    0.3427    0.0418  0.006256         0
    33/199     1.38G   0.04724  0.008098         0   0.05534         8       416    0.7989    0.7273    0.7644    0.3719   0.04176  0.006535         0
    34/199     1.38G   0.04619  0.008062         0   0.05425        11       416    0.8997    0.8182    0.8194    0.3237   0.04197  0.006395         0
    35/199     1.38G   0.04587  0.008262         0   0.05413        13       416    0.8993    0.8182    0.8576    0.3769   0.04416  0.006281         0
    36/199     1.38G   0.04523  0.007864         0    0.0531         7       416    0.7269    0.7273    0.7254    0.2863   0.04936  0.005998         0
    37/199     1.38G   0.04588  0.008064         0   0.05394        10       416    0.7273    0.7272    0.7325     0.332   0.04422  0.005978         0
    38/199     1.38G   0.04556  0.007911         0   0.05347         8       416    0.9974    0.5455    0.7302    0.2892   0.04332  0.006458         0
    39/199     1.38G   0.04474  0.008088         0   0.05282        10       416    0.8992    0.8182    0.8364    0.3447   0.04782  0.006067         0
    40/199     1.38G   0.04462  0.007809         0   0.05243         7       416    0.8877    0.7273    0.7811    0.3224   0.04613  0.006078         0
    41/199     1.38G   0.04538   0.00803         0   0.05341        14       416    0.8181     0.818    0.7981    0.2869   0.04614  0.006493         0
    42/199     1.38G   0.04482   0.00792         0   0.05274        16       416    0.7497    0.8171    0.7992    0.3589   0.04707  0.006145         0
    43/199     1.38G   0.04505  0.008204         0   0.05325        13       416    0.7999    0.7269    0.7446    0.2748   0.04936  0.006443         0
    44/199     1.38G   0.04411  0.007692         0   0.05181        13       416    0.8889    0.7273    0.7667      0.32   0.04378  0.006479         0
    45/199     1.38G    0.0441  0.007685         0   0.05179        11       416    0.8999    0.8172    0.8203     0.299    0.0453  0.005616         0
    46/199     1.38G   0.04283  0.007672         0    0.0505         7       416     0.769    0.9091    0.8483     0.366   0.04097  0.006288         0
    47/199     1.38G    0.0429  0.007771         0   0.05067        17       416    0.8729    0.6364    0.7333    0.3285   0.04598  0.005939         0
    48/199     1.38G   0.04284  0.007833         0   0.05067        11       416    0.9971    0.5455    0.6567    0.3781   0.04205  0.006388         0
    49/199     1.38G   0.04288  0.007656         0   0.05053         7       416         1    0.6306    0.7459    0.3273    0.0483  0.006036         0
    50/199     1.38G   0.04216  0.007522         0   0.04969         9       416    0.9989    0.6364    0.7537    0.3489   0.04097  0.005734         0
    51/199     1.38G   0.04181  0.007762         0   0.04957        11       416    0.7987    0.7273    0.7299    0.3348   0.04133  0.006101         0
    52/199     1.38G   0.04242  0.007585         0   0.05001         7       416    0.8182     0.818    0.8363    0.3384   0.04587  0.005861         0
    53/199     1.38G   0.04252  0.007553         0   0.05008         4       416    0.8997    0.8182    0.7504    0.3899   0.04169  0.005467         0
    54/199     1.38G   0.04214  0.007542         0   0.04968         6       416    0.5993    0.8182    0.7163    0.3593   0.04128  0.006534         0
    55/199     1.38G   0.04103   0.00762         0   0.04865         8       416       0.9    0.8182    0.7974    0.3378   0.04427  0.005939         0
    56/199     1.38G    0.0416  0.007573         0   0.04917         4       416         1    0.6362    0.7564     0.349   0.03956    0.0061         0
    57/199     1.38G   0.04081  0.007119         0   0.04792        12       416     0.818    0.8182    0.8251    0.3251   0.04156  0.007071         0
    58/199     1.38G   0.04188  0.007802         0   0.04968        10       416    0.9996    0.9091    0.9055    0.3856   0.04182  0.005676         0
    59/199     1.38G   0.04047  0.007535         0   0.04801        10       416    0.9998    0.9091    0.9054    0.4425   0.03598   0.00546         0
    60/199     1.38G   0.04003  0.007368         0    0.0474         8       416    0.7497    0.8182    0.7841    0.3841   0.04014  0.005953         0
    61/199     1.38G   0.04035  0.007215         0   0.04757         7       416    0.8571    0.5455    0.6573    0.2702   0.04849  0.005764         0
    62/199     1.38G   0.03953  0.007175         0    0.0467        13       416    0.9993    0.6364    0.7564     0.364   0.03932   0.00499         0
    63/199     1.38G   0.03946  0.007108         0   0.04657         9       416    0.6363    0.6364    0.6501    0.3426   0.04405  0.006129         0
    64/199     1.38G    0.0404  0.007166         0   0.04756         6       416       0.9    0.8182     0.835    0.2709   0.04136  0.006415         0
    65/199     1.38G   0.03912  0.007198         0   0.04632        12       416    0.9995    0.7273    0.8359    0.3906   0.04128  0.005544         0
    66/199     1.38G   0.03883  0.007383         0   0.04621        14       416     0.999    0.6364    0.7959    0.3414   0.04344  0.006566         0
    67/199     1.38G   0.03934  0.006841         0   0.04618        10       416    0.8885    0.7273    0.8215    0.4036   0.04084  0.005919         0
    68/199     1.38G   0.03976   0.00742         0   0.04718         7       416    0.8181    0.8176    0.7584    0.3176    0.0439  0.005873         0
    69/199     1.38G    0.0388  0.007311         0   0.04611        10       416    0.7777    0.6361    0.7459    0.3242   0.04431  0.005839         0
    70/199     1.38G   0.03849  0.006968         0   0.04545        14       416    0.8886    0.7273    0.7869    0.3386   0.04535  0.005827         0
    71/199     1.38G   0.03881  0.007207         0   0.04602        11       416    0.9991    0.7273    0.8444     0.382   0.04032  0.005734         0
    72/199     1.38G   0.03834  0.006818         0   0.04516        10       416    0.9996    0.6364    0.7295    0.3375   0.04487  0.005889         0
    73/199     1.38G   0.03759  0.006933         0   0.04452        10       416    0.8882    0.7273    0.7582    0.3398   0.04866  0.005902         0
    74/199     1.38G   0.03782  0.007054         0   0.04487        11       416    0.9986    0.6364    0.7172    0.3163   0.04157  0.006452         0
    75/199     1.38G   0.03797  0.007117         0   0.04509         9       416     0.875    0.6362    0.7159    0.3662    0.0418   0.00575         0
    76/199     1.38G   0.03691  0.006712         0   0.04362        11       416    0.7498    0.8182    0.7984    0.4139   0.04173  0.004846         0
    77/199     1.38G   0.03752  0.007007         0   0.04452        15       416       0.9    0.8182    0.8347    0.4313   0.04226  0.005295         0
    78/199     1.38G   0.03735   0.00678         0   0.04413        11       416    0.8885    0.7273    0.7268    0.3558   0.04162    0.0059         0
    79/199     1.38G   0.03707  0.007039         0   0.04411        10       416    0.8182    0.8181    0.8028    0.3316   0.04206  0.005941         0
    80/199     1.38G    0.0368  0.006953         0   0.04375         9       416    0.9995    0.7273     0.824    0.3114   0.04417  0.006477         0
    81/199     1.38G   0.03724  0.006522         0   0.04376         7       416    0.9999    0.6364    0.7676    0.3562   0.03928  0.006523         0
    82/199     1.38G   0.03665  0.006864         0   0.04352         9       416    0.8182    0.8182    0.7894    0.3675   0.03992  0.005467         0
    83/199     1.38G   0.03601  0.006638         0   0.04265         8       416    0.8997    0.8182    0.8091    0.4201   0.03616  0.005227         0
    84/199     1.38G   0.03587   0.00687         0   0.04274        16       416    0.8889    0.7272    0.7875    0.3065   0.04321  0.005453         0
    85/199     1.38G   0.03518  0.006634         0   0.04182         8       416    0.7272     0.727    0.7216    0.3635   0.04153  0.005519         0
    86/199     1.38G   0.03556   0.00645         0   0.04201         7       416    0.7273    0.7272    0.7019    0.3278   0.04135  0.005941         0
    87/199     1.38G   0.03595  0.006599         0   0.04255         9       416    0.7777    0.6363    0.5719    0.2572   0.04356  0.006539         0
    88/199     1.38G   0.03644  0.006757         0   0.04319        13       416    0.6364    0.6364    0.5337    0.2424   0.04307  0.006959         0
    89/199     1.38G   0.03611  0.006846         0   0.04296        15       416    0.7272    0.7273    0.5639    0.3043   0.04066  0.006591         0
    90/199     1.38G   0.03583  0.006604         0   0.04244        13       416    0.6999    0.6362    0.5441    0.2801   0.03946  0.006465         0
    91/199     1.38G   0.03544  0.007067         0   0.04251         9       416       0.7    0.6363    0.5483     0.317   0.03902  0.006611         0
    92/199     1.38G   0.03433  0.006741         0   0.04107         7       416       0.8    0.7273    0.6273    0.2901   0.03751  0.006605         0
    93/199     1.38G   0.03509  0.006669         0   0.04175         9       416         1    0.6364    0.7242    0.3557   0.03735  0.006906         0
    94/199     1.38G   0.03398  0.006347         0   0.04032        10       416    0.8999    0.8182    0.8271    0.3131   0.04113  0.006327         0
    95/199     1.38G   0.03479   0.00661         0    0.0414        10       416    0.6999    0.6364    0.5231    0.2797   0.04377  0.006429         0
    96/199     1.38G   0.03476  0.006847         0   0.04161         8       416    0.7999    0.7273    0.7044     0.318   0.04207  0.006916         0
    97/199     1.38G    0.0346   0.00629         0   0.04089         7       416    0.8998    0.8182    0.7979    0.3405   0.04417  0.006415         0
    98/199     1.38G   0.03386  0.006358         0   0.04022        14       416    0.8868    0.7273    0.7331    0.3279   0.04493  0.005981         0
    99/199     1.38G   0.03294  0.006517         0   0.03946        11       416    0.6665    0.7273    0.6892    0.2966   0.04462  0.006334         0
   100/199     1.38G    0.0337  0.006289         0   0.03999         9       416    0.6997    0.6364    0.5758    0.1976   0.05037  0.006809         0
   101/199     1.38G   0.03375  0.006314         0   0.04006        10       416    0.8886    0.7273     0.768    0.3185   0.04306  0.006416         0
   102/199     1.38G   0.03287  0.006453         0   0.03932        11       416    0.8889    0.7272    0.6557    0.3107   0.04309  0.006598         0
   103/199     1.38G   0.03355  0.006083         0   0.03963         9       416    0.7999    0.7273      0.65    0.2834   0.04056  0.006988         0
   104/199     1.38G   0.03338  0.006487         0   0.03987        14       416    0.8565    0.5455    0.5582    0.2967    0.0399  0.006519         0
   105/199     1.38G   0.03294  0.006439         0   0.03938        13       416    0.9998    0.6364     0.697    0.3727   0.04157  0.006763         0
   106/199     1.38G   0.03244  0.006222         0   0.03866         8       416         1    0.6359    0.7701    0.4158   0.04163  0.006304         0
   107/199     1.38G    0.0323   0.00637         0   0.03867         5       416    0.9996    0.6364    0.7188    0.3132   0.04277  0.007122         0
   108/199     1.38G   0.03252  0.006158         0   0.03868        11       416    0.9997    0.6364    0.7078    0.3397   0.04262  0.006961         0
   109/199     1.38G    0.0321  0.006155         0   0.03826         9       416    0.9996    0.6364    0.7288    0.3241   0.04558  0.007033         0
   110/199     1.38G   0.03144  0.006164         0    0.0376        10       416    0.9995    0.6364     0.724     0.342   0.04072  0.006461         0
   111/199     1.38G    0.0316  0.006335         0   0.03794         9       416    0.6363    0.6363    0.5276    0.2685   0.04325  0.007576         0
   112/199     1.38G   0.03205  0.006291         0   0.03834         6       416     0.999    0.6364    0.7433    0.3304   0.04174  0.006801         0
   113/199     1.38G   0.03213   0.00603         0   0.03816         8       416    0.8889    0.7272    0.7546    0.3534   0.03998  0.006598         0
   114/199     1.38G   0.03218  0.006077         0   0.03825         9       416    0.8887    0.7273    0.7785    0.3605   0.04272  0.007339         0
   115/199     1.38G   0.03199  0.006248         0   0.03824         9       416    0.8571    0.5455    0.6385    0.3231   0.04011  0.007649         0
   116/199     1.38G   0.03173  0.006092         0   0.03782        12       416      0.75     0.818    0.7483    0.3662    0.0417  0.007255         0
   117/199     1.38G   0.03124  0.005988         0   0.03723        11       416    0.6153    0.7273    0.6218    0.2996   0.04226  0.006658         0
   118/199     1.38G   0.03065  0.005791         0   0.03644        12       416    0.7499    0.8182    0.7512    0.4043   0.04059  0.006734         0
   119/199     1.38G    0.0311  0.006133         0   0.03723         8       416    0.8181    0.8182    0.7799    0.3904   0.04349  0.006203         0
   120/199     1.38G   0.03071   0.00586         0   0.03657        10       416    0.6921    0.8175    0.7055    0.3568   0.04282  0.005924         0
   121/199     1.38G   0.03058  0.006057         0   0.03664        12       416    0.6922    0.8179    0.7391    0.4147   0.04056  0.005424         0
   122/199     1.38G   0.02975  0.005806         0   0.03555        11       416    0.7998    0.7273    0.6856    0.3827   0.04203  0.006845         0
   123/199     1.38G   0.02982  0.005799         0   0.03562        13       416    0.7998    0.7273     0.677    0.3243   0.04043  0.007361         0
   124/199     1.38G   0.03024  0.006004         0   0.03624        11       416    0.9999    0.6364    0.7385     0.343   0.04053  0.007047         0
   125/199     1.38G   0.02978  0.006098         0   0.03588         9       416    0.7774     0.635    0.6996    0.3749   0.03882  0.005867         0
   126/199     1.38G    0.0297  0.005964         0   0.03566        11       416    0.6665    0.7273    0.7039     0.356     0.039  0.006316         0
   127/199     1.38G   0.03014  0.006014         0   0.03615        11       416    0.6999    0.6364    0.6612    0.3413   0.04115  0.007469         0
   128/199     1.38G   0.02944  0.005848         0   0.03529         8       416    0.8748    0.6356    0.7001     0.335   0.04313   0.00714         0
   129/199     1.38G   0.02938  0.005823         0    0.0352        12       416    0.7273    0.7273    0.6815    0.3972   0.03856    0.0067         0
   130/199     1.38G   0.02974   0.00586         0    0.0356         7       416    0.9997    0.6364    0.7265    0.3164   0.04196  0.007634         0
   131/199     1.38G   0.02864  0.005813         0   0.03446        11       416    0.7775    0.6364    0.5642    0.3062   0.04209  0.007468         0
   132/199     1.38G   0.02886   0.00585         0   0.03471        14       416         1    0.7271    0.8062    0.3536   0.04094  0.006913         0
   133/199     1.38G   0.02903  0.005585         0   0.03462        12       416    0.6999    0.6364    0.6476    0.3456   0.04141  0.007751         0
   134/199     1.38G   0.02866  0.005797         0   0.03446        10       416         1    0.7271    0.7615    0.3653   0.03946  0.006908         0
   135/199     1.38G   0.02823  0.005764         0     0.034         8       416    0.9995    0.6364    0.7423    0.4009   0.04085  0.006415         0
   136/199     1.38G   0.02759  0.005686         0   0.03328         9       416    0.8746    0.6364    0.7239    0.3436   0.04097  0.007822         0
   137/199     1.38G   0.02826  0.005641         0    0.0339        10       416    0.7269    0.7273    0.6685    0.3591   0.04164  0.007291         0
   138/199     1.38G   0.02743  0.005593         0   0.03303        11       416     0.727    0.7264    0.6125    0.3315   0.03968  0.007142         0
   139/199     1.38G   0.02818  0.005508         0   0.03368        12       416     0.727    0.7273    0.6511    0.3409   0.03931  0.007541         0
   140/199     1.38G   0.02833  0.005803         0   0.03413        10       416    0.9999    0.5455     0.697    0.3527   0.04419  0.006852         0
   141/199     1.38G   0.02804  0.005416         0   0.03345        11       416    0.6666    0.7273     0.656    0.3497   0.04128  0.007185         0
   142/199     1.38G   0.02746  0.005503         0   0.03297        14       416     0.999    0.6364    0.7375    0.3451   0.03998  0.006942         0
   143/199     1.38G   0.02787  0.005423         0    0.0333        11       416    0.8888    0.7268    0.7744    0.4078   0.03846  0.006672         0
   144/199     1.38G   0.02695  0.005473         0   0.03242        13       416    0.8888    0.7266    0.7464    0.3497   0.04305  0.006541         0
   145/199     1.38G   0.02756  0.005471         0   0.03303        10       416     0.857    0.5455    0.6034      0.32   0.04241  0.006227         0
   146/199     1.38G   0.02815  0.005493         0   0.03364        11       416     0.857    0.5455    0.5102    0.2811   0.04514  0.007116         0
   147/199     1.38G   0.02779  0.005492         0   0.03328         9       416    0.8558    0.5455    0.5458     0.313   0.03756  0.007793         0
   148/199     1.38G   0.02744  0.005481         0   0.03292         5       416     0.857    0.5455    0.5477    0.3227   0.04003  0.006507         0
   149/199     1.38G   0.02747  0.005454         0   0.03293        12       416    0.9998    0.6364    0.7345    0.3291   0.04083  0.006577         0
   150/199     1.38G   0.02707  0.005336         0   0.03241         9       416    0.9985    0.6364    0.7016    0.3132   0.04348  0.007164         0
   151/199     1.38G   0.02656  0.005124         0   0.03169         6       416    0.8541    0.5455    0.5374    0.2806   0.04406  0.007573         0
   152/199     1.38G   0.02592  0.005268         0   0.03119         9       416    0.6999    0.6364    0.4963    0.2915   0.04284  0.007443         0
   153/199     1.38G   0.02675  0.005379         0   0.03213        11       416    0.7271    0.7273    0.6932    0.3898   0.04016  0.007166         0
   154/199     1.38G   0.02582   0.00535         0   0.03117        12       416       0.8    0.7272    0.6746    0.3382   0.04227  0.006917         0
   155/199     1.38G   0.02643  0.005278         0   0.03171        13       416    0.7777    0.6362    0.6883    0.3963   0.04005  0.006536         0
   156/199     1.38G   0.02627  0.005182         0   0.03145         7       416    0.6665    0.7269     0.645    0.3298   0.04376  0.006877         0
   157/199     1.38G   0.02626  0.005192         0   0.03145         8       416    0.7775    0.6364    0.5968    0.3609   0.03946    0.0061         0
   158/199     1.38G   0.02632  0.005287         0    0.0316        13       416    0.9993    0.6364    0.7297    0.3286   0.03932  0.006571         0
   159/199     1.38G   0.02677  0.005241         0   0.03202         8       416    0.8749    0.6364    0.5727    0.3071   0.04161  0.006566         0
   160/199     1.38G   0.02592  0.005036         0   0.03095        15       416    0.8571    0.5455     0.567    0.3257   0.03756  0.006967         0
   161/199     1.38G   0.02639  0.005298         0   0.03169         8       416    0.9992    0.6364    0.7241    0.3614   0.03809   0.00768         0
   162/199     1.38G   0.02526  0.005096         0   0.03035         7       416    0.7772    0.6364    0.5517    0.3144   0.04169  0.008183         0
   163/199     1.38G   0.02604  0.005137         0   0.03118        11       416    0.7777    0.6364    0.5516    0.3095   0.04007  0.008017         0
   164/199     1.38G    0.0257  0.005215         0   0.03092         7       416    0.8886    0.7273    0.7063    0.3335   0.03933  0.007986         0
   165/199     1.38G   0.02533  0.005088         0   0.03042        14       416    0.8889    0.7273    0.7163    0.3318   0.03866  0.008162         0
   166/199     1.38G   0.02516  0.005147         0   0.03031        14       416    0.9992    0.6364    0.7083    0.3117   0.03969  0.008052         0
   167/199     1.38G   0.02459  0.005198         0   0.02979         5       416    0.7272    0.7271    0.6515    0.3584   0.04068  0.007436         0
   168/199     1.38G   0.02496  0.005282         0   0.03024         9       416    0.8887    0.7273    0.7537    0.3624    0.0399  0.007101         0
   169/199     1.38G   0.02554  0.004909         0   0.03045         9       416    0.6999    0.6364     0.626    0.3477   0.03922  0.007516         0
   170/199     1.38G   0.02481   0.00498         0   0.02979        13       416    0.6665    0.7273    0.6571    0.3528   0.04041  0.007546         0
   171/199     1.38G   0.02512  0.005017         0   0.03014         8       416     0.875    0.6362    0.6341    0.3264   0.03885  0.007662         0
   172/199     1.38G   0.02462   0.00531         0   0.02993        13       416         1    0.7266    0.7804    0.3691   0.03808  0.007605         0
   173/199     1.38G   0.02429  0.005279         0   0.02957         9       416     0.875    0.6361    0.6521    0.3226    0.0406  0.007429         0
   174/199     1.38G   0.02481  0.005342         0   0.03015         8       416    0.8886    0.7273      0.74    0.3339   0.03967  0.008391         0
   175/199     1.38G    0.0242  0.005124         0   0.02933        11       416    0.8748    0.6364    0.5878    0.3307   0.03935  0.008338         0
   176/199     1.38G   0.02448   0.00496         0   0.02944         6       416     0.875    0.6361    0.5897    0.3362    0.0386  0.008247         0
   177/199     1.38G   0.02437  0.005124         0   0.02949         6       416     0.875    0.6362    0.6089    0.3455   0.03898  0.007568         0
   178/199     1.38G   0.02419   0.00508         0   0.02927        12       416       0.7    0.6363    0.5794    0.3386   0.04024  0.007887         0
   179/199     1.38G   0.02405  0.004994         0   0.02904         7       416      0.75     0.818    0.8097    0.3526   0.03952  0.007842         0
   180/199     1.38G   0.02363  0.005108         0   0.02874         9       416    0.8571    0.5455    0.5921    0.3285   0.04019  0.007596         0
   181/199     1.38G   0.02363  0.005078         0   0.02871        12       416    0.6999    0.6364    0.5576    0.3125   0.03862  0.007837         0
   182/199     1.38G   0.02386   0.00507         0   0.02893        13       416    0.8887    0.7273    0.7455    0.3803   0.03745  0.006993         0
   183/199     1.38G   0.02427   0.00477         0   0.02904        12       416    0.8884    0.7273     0.746    0.3895   0.03789  0.007603         0
   184/199     1.38G   0.02492  0.005068         0   0.02999         9       416    0.6999    0.6364    0.5883    0.3273   0.03945  0.007702         0
   185/199     1.38G   0.02448  0.005206         0   0.02969         6       416       0.7    0.6364    0.5933    0.3415   0.03978  0.007709         0
   186/199     1.38G   0.02418  0.005059         0   0.02923         8       416       0.7    0.6364    0.6107    0.3344   0.03858  0.007939         0
   187/199     1.38G    0.0234    0.0049         0    0.0283        12       416     0.857    0.5455    0.5985    0.3402    0.0384  0.007791         0
   188/199     1.38G   0.02333  0.004855         0   0.02819        10       416       0.7    0.6363    0.6353    0.3544   0.03848  0.007908         0
   189/199     1.38G   0.02297  0.004936         0    0.0279         7       416    0.8884    0.7273    0.7164    0.3356   0.03825  0.007931         0
   190/199     1.38G   0.02371  0.005079         0   0.02879        11       416    0.6998    0.6364    0.5739    0.3059   0.03989  0.007865         0
   191/199     1.38G   0.02322   0.00491         0   0.02813        14       416    0.8568    0.5455     0.616    0.3511   0.03869  0.007685         0
   192/199     1.38G   0.02313  0.005092         0   0.02822         7       416    0.6998    0.6364    0.5897    0.3202   0.03994  0.008015         0
   193/199     1.38G   0.02306  0.004832         0   0.02789         7       416    0.7775    0.6356    0.6104     0.344   0.03743  0.007302         0
   194/199     1.38G   0.02359  0.005188         0   0.02878        10       416     0.875    0.6363    0.5803    0.3098   0.04002  0.007808         0
   195/199     1.38G   0.02313   0.00495         0   0.02808         7       416     0.875    0.6364    0.6119    0.3271   0.03831  0.007505         0
   196/199     1.38G   0.02318  0.004936         0   0.02811         9       416    0.8744    0.6364    0.6055    0.3254   0.03759  0.007612         0
   197/199     1.38G   0.02368   0.00496         0   0.02864        12       416    0.8749    0.6359    0.5803    0.3212   0.04125  0.007896         0
   198/199     1.38G   0.02335  0.004894         0   0.02824        11       416     0.875    0.6363    0.6095    0.3495   0.03813  0.007736         0
   199/199     1.38G   0.02334  0.005075         0   0.02841        11       416    0.8746    0.6364    0.6319    0.3444   0.03856  0.007498         0
