     0/199     0.87G    0.1219   0.01481   0.02917    0.1659         7       416  0.001986    0.1602 0.0008993 0.0001726   0.09772   0.01376   0.02753
     1/199     1.44G    0.1095   0.01423   0.02179    0.1456        11       416   0.02223    0.3203   0.01266  0.001819   0.08682    0.0138    0.0237
     2/199     1.44G   0.09528   0.01495   0.01459    0.1248         7       416    0.6579     0.231    0.1803    0.0388   0.07426   0.01438   0.02483
     3/199     1.44G   0.08398   0.01663   0.01038     0.111        11       416    0.6318    0.3182    0.1496   0.04441   0.07051     0.014   0.01294
     4/199     1.44G   0.07861    0.0161  0.007137    0.1018         8       416    0.6349    0.4784     0.266   0.06954   0.06789   0.01328  0.006821
     5/199     1.44G   0.07492   0.01507  0.005181   0.09518        13       416    0.5304    0.5482     0.424    0.1383   0.06458   0.01285  0.006949
     6/199     1.44G   0.07056   0.01507   0.00393   0.08956        17       416    0.5331     0.554    0.4642    0.1257   0.06249   0.01227   0.00392
     7/199     1.44G   0.06692   0.01477   0.00345   0.08513        14       416    0.4769    0.4819    0.3494   0.09719   0.05998   0.01169   0.00263
     8/199     1.44G   0.06548   0.01416  0.002864    0.0825        10       416    0.5003    0.5303    0.4911    0.1691   0.06515   0.01032  0.001876
     9/199     1.44G   0.06311   0.01335  0.002678   0.07914         7       416    0.6462     0.545    0.5433    0.1869   0.05675   0.01096  0.002532
    10/199     1.45G   0.06235   0.01305  0.002554   0.07795         9       416    0.3557    0.5968    0.3662    0.1229   0.06353   0.01039  0.001647
    11/199     1.45G   0.06504   0.01208   0.00215   0.07927         9       416    0.4693    0.6208    0.4619    0.1303   0.06188   0.01062  0.002601
    12/199     1.45G   0.06253   0.01164  0.002293   0.07647         6       416    0.5506    0.5527    0.4708    0.1683   0.05505   0.01141   0.00495
    13/199     1.45G   0.06014   0.01222  0.002248   0.07461        14       416     0.557    0.5758    0.4898     0.134   0.05737   0.01108   0.01208
    14/199     1.45G   0.05849   0.01131   0.00218   0.07197        10       416    0.6122    0.5758    0.3972    0.1242   0.06254   0.01076  0.007304
    15/199     1.45G   0.05785   0.01161  0.002757   0.07222        19       416    0.7875    0.5225    0.5514    0.1286    0.0566   0.01031  0.004038
    16/199     1.45G   0.05742   0.01139  0.001888    0.0707         9       416    0.7339    0.5087    0.6126     0.283   0.05493   0.01004  0.001068
    17/199     1.45G   0.05547    0.0113  0.002767   0.06953         6       416    0.7808    0.3896    0.5048    0.2125   0.06061   0.01159    0.0155
    18/199     1.45G   0.05697   0.01128  0.002429   0.07069         7       416    0.9345    0.5281    0.5889    0.2185   0.05638  0.009767  0.007638
    19/199     1.45G   0.05963   0.01125   0.00254   0.07343        13       416    0.6934    0.5758    0.6109     0.214   0.05633   0.01072  0.003656
    20/199     1.45G   0.05687   0.01117  0.002491   0.07052         4       416     0.447    0.4865    0.3432   0.08711   0.06173   0.01116  0.009959
    21/199     1.45G   0.05683   0.01133  0.003124   0.07129        11       416    0.6952    0.4608    0.5505    0.2146   0.06052   0.01054   0.01023
    22/199     1.45G   0.05804   0.01178  0.002417   0.07224        11       416    0.3828    0.5346     0.363    0.1183   0.06905   0.01019   0.00557
    23/199     1.45G   0.05662   0.01203  0.002378   0.07103        17       416     0.529    0.4605    0.3233   0.09479   0.06755   0.01087   0.01475
    24/199     1.45G   0.05742   0.01162  0.002959     0.072         8       416     0.626    0.3918    0.3529    0.1247   0.05947   0.01027   0.01019
    25/199     1.45G   0.05585   0.01159  0.002387   0.06982        10       416    0.7939    0.5109    0.5245    0.1872   0.05526  0.009818   0.00184
    26/199     1.45G   0.05473   0.01118  0.001606   0.06751         9       416    0.8186    0.4871    0.5711    0.1802   0.05783  0.009519  0.002024
    27/199     1.45G   0.05543   0.01111  0.001543   0.06808        11       416    0.8334    0.5007     0.536    0.1962   0.05764   0.01021 0.0008298
    28/199     1.45G   0.05391    0.0112  0.001746   0.06685         9       416     0.636    0.5058    0.5647    0.2605   0.05066    0.0105  0.009894
    29/199     1.45G   0.05362   0.01157  0.002155   0.06735        13       416    0.6553    0.4351    0.4204    0.1177   0.05893   0.01111   0.02756
    30/199     1.45G   0.05438   0.01169  0.001669   0.06774        12       416    0.7166    0.6688    0.6405    0.2735   0.05218   0.01023  0.005934
    31/199     1.45G   0.05274   0.01084  0.002828   0.06641         6       416    0.5751    0.5053     0.504    0.1728   0.06075   0.01079  0.008748
    32/199     1.45G    0.0512   0.01096  0.001705   0.06386        16       416    0.6077     0.487    0.4323    0.1633   0.05909   0.01085  0.004736
    33/199     1.45G   0.05089   0.01111  0.001821   0.06381        16       416    0.7669    0.5087    0.5531    0.2324   0.05138   0.01062  0.002013
    34/199     1.45G   0.05063    0.0108  0.001988   0.06341        13       416    0.7009    0.5996    0.6599    0.2274   0.05221   0.01022  0.003462
    35/199     1.45G   0.05067   0.01084  0.001423   0.06293        14       416    0.6726    0.5325    0.5727    0.1942   0.05497   0.01024  0.005786
    36/199     1.45G   0.04994   0.01045  0.001383   0.06177        11       416    0.7636    0.5996    0.6376    0.2748    0.0528   0.00985  0.001094
    37/199     1.45G   0.04991   0.01021  0.001427   0.06155        16       416     0.697    0.5514     0.563    0.1905    0.0573   0.01025  0.002022
    38/199     1.45G   0.04942   0.01041  0.001318   0.06115        10       416    0.6705    0.5773    0.5467    0.2156   0.05324  0.009947  0.007907
    39/199     1.45G   0.04797  0.009633 0.0009086   0.05851         7       416     0.784    0.6171    0.6236    0.2404   0.05333  0.009629    0.0074
    40/199     1.45G   0.04777  0.009949 0.0008221   0.05854         6       416    0.8776    0.5556    0.6697    0.2459   0.05489   0.00943  0.001108
    41/199     1.45G   0.04588   0.01014  0.001821   0.05784        10       416    0.8086    0.6707    0.6706    0.2851   0.05068  0.009272  0.002793
    42/199     1.45G   0.04685   0.01009  0.000933   0.05787         9       416     0.862     0.671    0.7022    0.2777   0.05063  0.009335  0.001676
    43/199     1.45G   0.04814  0.009749  0.000776   0.05866        14       416    0.8404    0.7159    0.7498    0.3038   0.05007  0.008934   0.00181
    44/199     1.45G   0.04686   0.01015  0.001105   0.05812         9       416    0.8177    0.6091    0.7052    0.2441   0.05243   0.01009  0.009989
    45/199     1.45G   0.04616   0.01014  0.001023   0.05732        11       416    0.8651    0.6615    0.7358    0.2765   0.05155  0.009021    0.0021
    46/199     1.45G    0.0458   0.01023  0.001212   0.05724         9       416    0.7622    0.6249    0.6329     0.271   0.04905  0.009615   0.00147
    47/199     1.45G   0.04517  0.009109 0.0009871   0.05526        10       416    0.6184    0.5801    0.5697    0.2565    0.0524  0.009399 0.0005788
    48/199     1.45G   0.04545   0.00977  0.001063   0.05629         6       416    0.8139    0.6234    0.6612    0.3014   0.04969  0.009607   0.00206
    49/199     1.45G   0.04386   0.01035  0.000925   0.05513        11       416     0.793    0.6447    0.6911    0.2806   0.05238  0.009578 0.0006689
    50/199     1.45G   0.04381  0.009979  0.001147   0.05494        12       416    0.8059    0.5539     0.621    0.2667   0.04979   0.01041  0.004768
    51/199     1.45G   0.04398  0.009548  0.001107   0.05464        16       416    0.8302    0.5065    0.6307    0.2633   0.04923   0.01047 0.0009321
    52/199     1.45G   0.04475  0.009389 0.0008606     0.055         6       416    0.6619    0.4589    0.5206    0.2413    0.0538   0.01174   0.02073
    53/199     1.45G   0.04274  0.009435  0.000958   0.05313        14       416    0.6146    0.7186    0.6714    0.2704   0.04834   0.01009  0.002642
    54/199     1.45G   0.04284  0.009518  0.000795   0.05315         9       416    0.7295    0.6233     0.626    0.2286   0.04824   0.01164  0.001865
    55/199     1.45G   0.04342  0.009342 0.0009827   0.05375         7       416    0.7019    0.5643    0.5613    0.2027   0.05089   0.01091   0.00416
    56/199     1.45G    0.0414  0.009359 0.0007452   0.05151        13       416     0.693    0.6472    0.6489     0.277    0.0492   0.01023   0.00108
    57/199     1.45G   0.04264  0.009495 0.0008037   0.05294        10       416    0.7655    0.5791    0.6208    0.2624   0.05041   0.01103  0.001943
    58/199     1.45G   0.04251  0.009407  0.000822   0.05273        15       416    0.8222    0.6125    0.6971    0.2554   0.04898   0.01067  0.003323
    59/199     1.45G    0.0419  0.008949 0.0008602   0.05171        11       416    0.8589    0.6239    0.6476     0.294   0.04999   0.01051  0.001543
    60/199     1.45G   0.04129  0.009094 0.0008815   0.05127        12       416    0.6947    0.4632    0.4952    0.2075   0.05468   0.01018  0.004232
    61/199     1.45G   0.04175  0.008615 0.0009572   0.05133         9       416    0.8035    0.6232    0.6864    0.2981    0.0515  0.009904  0.001044
    62/199     1.45G   0.04079  0.009279 0.0009084   0.05098         7       416    0.7167     0.487    0.5262    0.2331   0.05335   0.01022  0.001549
    63/199     1.45G   0.04093  0.009182 0.0007386   0.05085        17       416    0.7568    0.6416    0.6697    0.3038   0.04967   0.01057   0.00274
    64/199     1.45G   0.04033  0.008602  0.001221   0.05015         9       416    0.6287    0.7662    0.7181    0.3321   0.04782  0.009471 0.0005403
    65/199     1.45G   0.03991   0.00861  0.000714   0.04923        10       416     0.803    0.7165    0.7571    0.3166    0.0504  0.008975 0.0005181
    66/199     1.45G   0.04028  0.009312  0.000713   0.05031         7       416    0.9065     0.671    0.7285    0.3283   0.05278   0.00923 0.0008311
    67/199     1.45G   0.04071  0.009264 0.0005524   0.05052         9       416    0.9081    0.6689    0.7229    0.2971   0.05247  0.009773 0.0007687
    68/199     1.45G   0.03935  0.008341  0.000435   0.04812        19       416     0.769     0.764    0.7602    0.3125   0.04879  0.009613  0.000957
    69/199     1.45G   0.03851  0.008723  0.000587   0.04782        15       416    0.6565     0.546    0.6185    0.2836   0.04862   0.01029  0.002818
    70/199     1.45G   0.03812  0.008196 0.0005063   0.04682         9       416    0.7685    0.5657    0.6272    0.2675   0.05253  0.009633 0.0006487
    71/199     1.45G    0.0379  0.008897 0.0004794   0.04728         7       416    0.7481    0.4892      0.54    0.2782   0.05107  0.009461 0.0007705
    72/199     1.45G   0.03715  0.008871 0.0003568   0.04638        14       416    0.7808    0.6255    0.6612    0.2935   0.05234  0.009741  0.001572
    73/199     1.45G   0.03821  0.009014 0.0004558   0.04768         9       416    0.7857     0.671     0.754    0.3238   0.04819  0.009682  0.001248
    74/199     1.45G   0.03723  0.008946 0.0005416   0.04672         7       416    0.7157    0.6948    0.6944    0.2838   0.04935   0.01043  0.005747
    75/199     1.45G   0.03853   0.00825  0.000446   0.04723        13       416    0.8041     0.671    0.6464    0.2503   0.05482  0.009329  0.001439
    76/199     1.45G   0.03899  0.008316 0.0006116   0.04792         4       416    0.6221    0.6732     0.636    0.2956   0.05212    0.0091 0.0008616
    77/199     1.45G   0.03715  0.008013 0.0005876   0.04575         6       416    0.6206    0.6493     0.643    0.3214   0.05052   0.00925  0.001454
    78/199     1.45G   0.03666  0.007944  0.000475   0.04508         4       416    0.8038    0.6012    0.6068    0.2615   0.05275  0.009572   0.00108
    79/199     1.45G   0.03701  0.008275 0.0003352   0.04563         7       416    0.7097    0.6255    0.6273    0.2809    0.0524  0.009179 0.0009484
    80/199     1.45G   0.03767  0.008396 0.0007114   0.04678         8       416    0.6537    0.5779    0.5866    0.2954   0.05033  0.009854  0.001791
    81/199     1.45G   0.03574  0.008329 0.0005842   0.04465        10       416    0.7307    0.6494    0.6492    0.2641   0.04985  0.009823  0.001351
    82/199     1.45G   0.03511  0.008055 0.0004966   0.04367         9       416    0.6949    0.6732     0.599    0.2895    0.0499  0.009865   0.00101
    83/199     1.45G   0.03599  0.008036 0.0003209   0.04434        11       416    0.7474    0.5996    0.6125     0.247   0.05462   0.01073   0.00165
    84/199     1.45G   0.03479  0.007411 0.0004128   0.04261         8       416    0.7648    0.5779    0.6343    0.2653   0.05159   0.01118  0.001282
    85/199     1.45G   0.03496  0.007859 0.0004749   0.04329        15       416    0.8009    0.5779    0.6305    0.2848   0.05045   0.01095 0.0008862
    86/199     1.45G   0.03541   0.00762 0.0005003   0.04353         7       416    0.7872    0.5541    0.5953    0.2834   0.04949   0.01115  0.003651
    87/199     1.45G   0.03605   0.00793  0.001338   0.04532         8       416    0.7495    0.5779    0.5868    0.2889   0.05162   0.01044 0.0005495
    88/199     1.45G    0.0358  0.008132 0.0007148   0.04464         9       416    0.6287    0.5801    0.5192    0.2595   0.04896    0.0107 0.0004339
    89/199     1.45G   0.03648  0.008141 0.0004311   0.04505         9       416    0.7318    0.5974    0.6134    0.2775   0.05144   0.01011 0.0007074
    90/199     1.45G   0.03464  0.007791 0.0006081   0.04304        10       416    0.7929    0.6229    0.6291    0.2523   0.05003   0.01017 0.0004805
    91/199     1.45G   0.03503   0.00856  0.000422   0.04402         5       416    0.8529    0.5747    0.6341    0.3031    0.0483   0.01098 0.0007131
    92/199     1.45G   0.03569  0.008009 0.0005762   0.04428         5       416    0.7405    0.5539    0.6577    0.2993   0.05108   0.01058  0.001113
    93/199     1.45G   0.03404  0.007792 0.0007002   0.04254        10       416    0.6441    0.6553    0.6213    0.2598   0.04774   0.01146  0.000924
    94/199     1.45G   0.03331  0.008109 0.0005099   0.04193        12       416    0.6504    0.6515    0.5865    0.2765   0.05047   0.01107  0.000662
    95/199     1.45G   0.03288  0.007716 0.0003179   0.04091        12       416    0.6846    0.6494    0.6342    0.2821   0.04937   0.00956 0.0008124
    96/199     1.45G   0.03439  0.007791 0.0003364   0.04252        12       416    0.7051     0.487    0.5399    0.2523   0.05095   0.01066   0.00153
    97/199     1.45G   0.03445  0.008031 0.0004619   0.04295        14       416    0.9126    0.5906    0.6915    0.3024   0.05133    0.0105  0.001027
    98/199     1.45G    0.0341   0.00795 0.0005231   0.04258         5       416    0.7633    0.5561    0.5631    0.2628   0.05169   0.01007 0.0007256
    99/199     1.45G   0.03362  0.007804 0.0006005   0.04203        11       416    0.6606    0.5563    0.5932    0.3018   0.05012   0.01107  0.002432
   100/199     1.45G   0.03253  0.007676 0.0005653   0.04078        14       416    0.5827    0.5798    0.5363      0.25   0.05314   0.01033  0.001414
   101/199     1.45G    0.0326  0.007424 0.0003993   0.04042        12       416     0.778    0.5541    0.5982    0.2854   0.05123   0.01044   0.00115
   102/199     1.45G   0.03271  0.007501 0.0003502   0.04056         6       416    0.8038    0.5996    0.6447    0.3359   0.04763   0.01076  0.001335
   103/199     1.45G   0.03308  0.007838 0.0004603   0.04138        14       416    0.7526    0.5537    0.5969    0.3063   0.04981   0.01028  0.001591
   104/199     1.45G    0.0319  0.007772 0.0004352   0.04011        14       416    0.6972    0.5779    0.5379    0.2824   0.05297   0.01028  0.002748
   105/199     1.45G   0.03161  0.007739  0.000342   0.03969        15       416    0.6761    0.5801    0.5447    0.2777   0.05207   0.01054  0.001899
   106/199     1.45G   0.03168  0.007144 0.0003416   0.03917         6       416    0.8199    0.6234    0.6355    0.3032   0.05183   0.01005  0.001273
   107/199     1.45G   0.03124  0.007546 0.0002492   0.03903         6       416    0.6775    0.6255    0.5903    0.2784   0.05114  0.009817  0.001052
   108/199     1.45G   0.03167  0.007086 0.0006011   0.03936         8       416    0.7042     0.764    0.6711    0.2959   0.05099  0.009639  0.001006
   109/199     1.45G   0.03128  0.007359 0.0002874   0.03893        15       416    0.6855    0.6948    0.6388    0.3014   0.05105   0.01035  0.001114
   110/199     1.45G   0.03172  0.007415 0.0005627   0.03969         6       416    0.7079    0.6483    0.6274    0.2992   0.05173   0.01002 0.0007609
   111/199     1.45G   0.03071  0.007255 0.0004226   0.03838         6       416     0.712    0.7164    0.7239    0.3454   0.05027  0.009738  0.001114
   112/199     1.45G   0.03079  0.007427 0.0005354   0.03875        11       416    0.7056    0.6017     0.608    0.2868   0.05021   0.01049 0.0009679
   113/199     1.45G   0.03221  0.007634 0.0004754   0.04032         9       416    0.7378    0.6709    0.6784    0.2924   0.05021   0.01019 0.0008302
   114/199     1.45G   0.03012  0.007307 0.0004687    0.0379         8       416    0.7033    0.5776    0.5583    0.2494   0.05054   0.01111  0.001847
   115/199     1.45G   0.03004  0.007017 0.0004174   0.03747         9       416    0.6878    0.5098    0.5709     0.263   0.05152   0.01017  0.001012
   116/199     1.45G   0.03073  0.007416 0.0005313   0.03868         6       416    0.7921    0.5983    0.6563    0.2901   0.05108  0.009829  0.001142
   117/199     1.45G   0.03083   0.00725  0.000397   0.03848        14       416     0.715    0.6016    0.5937    0.2524   0.04955    0.0109 0.0009861
   118/199     1.45G   0.02978  0.007197 0.0003087   0.03729        12       416    0.7213    0.6769    0.7076    0.2831    0.0507   0.01052  0.001805
   119/199     1.45G   0.03041  0.007075 0.0002938   0.03778         7       416    0.7397    0.6948    0.6939    0.3194   0.04898   0.01019    0.0011
   120/199     1.45G   0.02882  0.006624 0.0002744   0.03572         6       416    0.7317    0.5801    0.6045    0.2848   0.05013   0.01051 0.0006768
   121/199     1.45G   0.02934  0.006793 0.0002572   0.03639        16       416    0.8399    0.6491    0.6873    0.2977   0.05165    0.0105 0.0006258
   122/199     1.45G   0.02851  0.007172 0.0002205    0.0359        10       416    0.7209     0.615    0.5945    0.2829   0.05189   0.01044 0.0007871
   123/199     1.45G   0.02991  0.007099 0.0002205   0.03723         9       416    0.5884    0.6465    0.5866    0.2432   0.05553   0.01047  0.000928
   124/199     1.45G   0.02819  0.007036 0.0002537   0.03548        12       416    0.7181    0.5646    0.6302    0.2448   0.05387   0.01069  0.001108
   125/199     1.45G   0.02896  0.006886 0.0003887   0.03623         7       416    0.7558    0.6234     0.648     0.263   0.05482   0.01109 0.0009574
   126/199     1.45G   0.02861  0.007136 0.0002802   0.03603        15       416    0.7178    0.5325    0.5171    0.2277   0.05567   0.01133 0.0007508
   127/199     1.45G    0.0284  0.007174 0.0003185   0.03589        16       416    0.6047    0.5108    0.4711    0.2414   0.05448   0.01108   0.00115
   128/199     1.45G    0.0285  0.006963 0.0002263   0.03569         7       416    0.6092    0.5563    0.5536    0.2673   0.05412   0.01119  0.001565
   129/199     1.45G   0.02792  0.006564 0.0001803   0.03467         9       416    0.6246    0.4869    0.5087    0.2046   0.05704   0.01112 0.0008344
   130/199     1.45G   0.02876  0.006593 0.0002145   0.03557        13       416    0.6844     0.708    0.6396    0.2391   0.05328   0.01077  0.001085
   131/199     1.45G    0.0276  0.006593 0.0002935   0.03449        10       416     0.559    0.5346     0.494    0.2608   0.05164   0.01152 0.0008491
   132/199     1.45G   0.02776  0.006977  0.000315   0.03505         9       416    0.7083    0.5323    0.5421    0.2675   0.05106   0.01183 0.0008143
   133/199     1.45G   0.02773  0.006433 0.0003223   0.03448        10       416    0.6069    0.5801    0.5449    0.2551   0.05166   0.01157 0.0006502
   134/199     1.45G   0.02696  0.006739 0.0001931   0.03389         7       416    0.6531    0.5801    0.5674    0.2402   0.05196   0.01147  0.000425
   135/199     1.45G   0.02798  0.006635 0.0003967   0.03501         8       416    0.6575    0.6017    0.6276    0.2827   0.05147   0.01141 0.0006037
   136/199     1.45G   0.02811  0.006858 0.0002337    0.0352        18       416    0.7317    0.5778    0.6114     0.276   0.05076   0.01129 0.0005418
   137/199     1.45G   0.02738  0.006994 0.0003408   0.03472        11       416    0.6597    0.5563    0.5506    0.2663   0.04996   0.01163 0.0005888
   138/199     1.45G   0.02711  0.006591 0.0001774   0.03388        10       416    0.6627    0.5325    0.5247    0.2566   0.05062   0.01196  0.001051
   139/199     1.45G   0.02758  0.006506 0.0006633   0.03475        10       416    0.5679    0.5801    0.5084    0.2301   0.05157   0.01248  0.001136
   140/199     1.45G   0.02673   0.00645 0.0004981   0.03368         7       416    0.6715    0.6251      0.58    0.2259   0.05412   0.01171  0.000684
   141/199     1.45G    0.0269  0.006701 0.0002531   0.03385         8       416    0.6487    0.5563    0.5274    0.2637   0.05162   0.01132  0.001349
   142/199     1.45G   0.02691  0.006508 0.0002449   0.03366         9       416    0.7589    0.5994    0.6615     0.286   0.05094   0.01191  0.001034
   143/199     1.45G   0.02655  0.006386 0.0002254   0.03317        11       416    0.6407    0.5801    0.5364    0.2456    0.0509   0.01201 0.0008276
   144/199     1.45G   0.02665  0.006254 0.0001918    0.0331        10       416    0.7285    0.6017    0.5799    0.2824   0.05036   0.01201  0.001458
   145/199     1.45G   0.02609  0.006514 0.0003242   0.03292        16       416    0.7507    0.6015    0.6241    0.2822   0.05271   0.01124  0.001811
   146/199     1.45G   0.02648  0.006461 0.0001903   0.03313         8       416    0.6707    0.6016    0.5884    0.2548   0.05336   0.01197  0.001281
   147/199     1.45G   0.02563  0.006568 0.0002324   0.03243        10       416    0.6738    0.5778    0.5933    0.2653   0.05217   0.01189   0.00157
   148/199     1.45G   0.02592  0.006598 0.0003791   0.03289         9       416    0.6777    0.5449    0.4923    0.2406   0.05174   0.01224   0.00125
   149/199     1.45G   0.02619  0.006199 0.0002485   0.03264         9       416    0.6642    0.5325    0.5254    0.2537   0.05208   0.01228  0.001096
   150/199     1.45G   0.02619  0.006199 0.0001856   0.03257         9       416    0.7533    0.6233    0.6687    0.2631   0.05107   0.01154  0.001189
   151/199     1.45G   0.02592  0.006709 0.0002937   0.03292        13       416     0.739    0.6233    0.6804    0.2864    0.0512   0.01151 0.0009609
   152/199     1.45G   0.02528  0.006543 0.0002962   0.03212         6       416    0.7106    0.6709    0.6676    0.2679   0.05091   0.01175 0.0008204
   153/199     1.45G   0.02524  0.006256  0.000285   0.03179         9       416    0.6351    0.6255    0.5713    0.2392   0.05211    0.0123 0.0009963
   154/199     1.45G   0.02496  0.006549 0.0004571   0.03197         9       416    0.6764    0.5541    0.5806    0.2695   0.05128   0.01233 0.0007921
   155/199     1.45G   0.02463  0.006492  0.000242   0.03136        28       416     0.736    0.5303    0.5695    0.2303   0.05352   0.01229  0.001223
   156/199     1.45G   0.02468  0.006642 0.0002436   0.03157        14       416    0.5953    0.5325    0.5115    0.2361   0.05189   0.01225   0.00106
   157/199     1.45G   0.02621  0.006424 0.0004762   0.03311        12       416    0.5978    0.6017    0.5485    0.2579   0.05145   0.01254 0.0009753
   158/199     1.45G   0.02485  0.006281 0.0002326   0.03136        12       416    0.6376    0.5778     0.533    0.2554   0.05058   0.01262  0.001108
   159/199     1.45G    0.0252  0.006349 0.0002141   0.03176        16       416    0.6322    0.5779     0.544    0.2612   0.05101   0.01268  0.001157
   160/199     1.45G   0.02499  0.006212 0.0002035    0.0314         9       416    0.5821    0.5562    0.5468    0.2511    0.0525   0.01223 0.0009808
   161/199     1.45G   0.02492  0.006393 0.0003263   0.03164         8       416    0.5889    0.6017    0.5793    0.2645   0.05077   0.01238  0.001299
   162/199     1.45G   0.02503  0.006438 0.0001851   0.03165        10       416    0.6672    0.5324    0.5411     0.258   0.05134   0.01228  0.001281
   163/199     1.45G   0.02458  0.006217 0.0001506   0.03095        11       416    0.6728    0.5919    0.5824    0.2696   0.05184   0.01221  0.001143
   164/199     1.45G   0.02355  0.006279 0.0001549   0.02999        12       416    0.6574    0.6472    0.6514    0.2789   0.05113   0.01168  0.001171
   165/199     1.45G   0.02394  0.005855 0.0001793   0.02998         7       416    0.7469    0.5973     0.616    0.2764   0.05037   0.01187 0.0009314
   166/199     1.45G   0.02477  0.006187 0.0002948   0.03125        14       416    0.7493    0.5087    0.5438    0.2622   0.05153   0.01204 0.0008167
   167/199     1.45G   0.02461  0.006123 0.0002007   0.03093        13       416    0.6323    0.5563    0.5647    0.2601   0.05111   0.01228  0.001108
   168/199     1.45G   0.02372  0.005858 0.0001871   0.02976         9       416    0.6874    0.6016    0.6161    0.2689   0.05013   0.01208  0.001108
   169/199     1.45G   0.02481  0.005846 0.0003476     0.031        11       416    0.6779    0.5325    0.5511    0.2655   0.05029   0.01231  0.001314
   170/199     1.45G   0.02393  0.006376 0.0003516   0.03066        12       416    0.6027    0.5533    0.5347    0.2635    0.0519   0.01232  0.001514
   171/199     1.45G   0.02403  0.006095 0.0002913   0.03042        10       416    0.7469    0.5086    0.5481    0.2545   0.05219   0.01168  0.001423
   172/199     1.45G   0.02396  0.006243  0.000153   0.03035         9       416    0.6256    0.6493    0.5822    0.2526   0.05228   0.01136  0.001422
   173/199     1.45G   0.02368  0.006294 0.0001481   0.03012        15       416     0.699    0.6017    0.5969    0.2729   0.05136   0.01192  0.001437
   174/199     1.45G   0.02357  0.005733 0.0002267   0.02953        11       416    0.6638    0.6494    0.5816    0.2702   0.05087   0.01204  0.001198
   175/199     1.45G     0.024   0.00617 0.0001525   0.03033        12       416    0.6543    0.6039    0.5922    0.2644   0.05247   0.01164 0.0009387
   176/199     1.45G   0.02336  0.005803  0.000177   0.02934        10       416    0.6378    0.5562    0.5132    0.2493   0.05321   0.01189  0.001042
   177/199     1.45G   0.02369  0.005834 0.0001444   0.02967         9       416     0.659    0.5325    0.5091    0.2426   0.05328   0.01175 0.0008706
   178/199     1.45G    0.0227  0.005599 0.0001978    0.0285         7       416    0.6012      0.58    0.5415    0.2589   0.05252   0.01192 0.0007193
   179/199     1.45G   0.02359  0.006141 0.0001699    0.0299         8       416    0.6661    0.6011    0.5719    0.2693   0.05196   0.01189 0.0007296
   180/199     1.45G   0.02302   0.00591  0.000138   0.02907        11       416    0.6598    0.5563    0.5806    0.2568    0.0519   0.01211 0.0008685
   181/199     1.45G   0.02347  0.005782 0.0001444   0.02939        10       416    0.5715    0.5796    0.5356    0.2711   0.05041   0.01224 0.0009209
   182/199     1.45G   0.02356  0.006103 0.0001287    0.0298         8       416    0.5459    0.5583    0.5354    0.2427    0.0509   0.01262 0.0008984
   183/199     1.45G   0.02322  0.005896 0.0001466   0.02927         9       416    0.7095    0.5779    0.5883      0.26   0.05112   0.01261 0.0009401
   184/199     1.45G    0.0236  0.005975 0.0001312    0.0297         4       416     0.685    0.6234    0.6011    0.2455   0.05265   0.01271 0.0008779
   185/199     1.45G    0.0239  0.006552 0.0001423   0.03059        11       416    0.6598    0.5324    0.5282    0.2397   0.05253   0.01264  0.001081
   186/199     1.45G   0.02302  0.005741 0.0001244   0.02889        10       416    0.6485    0.5325    0.5364     0.261   0.05161   0.01216  0.001044
   187/199     1.45G   0.02261  0.006076 0.0001747   0.02887         9       416    0.5889    0.5797    0.5263    0.2586   0.05286   0.01264 0.0008531
   188/199     1.45G   0.02177  0.005634 0.0001339   0.02754         2       416     0.602    0.5801    0.4963    0.2549   0.05157   0.01217 0.0008983
   189/199     1.45G   0.02206   0.00582 0.0001474   0.02802        12       416    0.6854    0.6234    0.6242    0.2915    0.0513   0.01222 0.0009142
   190/199     1.45G   0.02267  0.005885 0.0001226   0.02867        12       416    0.7004    0.6234    0.6428    0.2732    0.0526   0.01203 0.0007446
   191/199     1.45G   0.02225  0.005826 0.0002336   0.02831         8       416    0.7911    0.6341    0.6574    0.2787   0.05263   0.01159 0.0007307
   192/199     1.45G   0.02283  0.005694 0.0001287   0.02866         7       416    0.6513    0.5801     0.561    0.2731   0.05277   0.01207 0.0008433
   193/199     1.45G    0.0222  0.006105 0.0001736   0.02848         8       416    0.6774    0.6255    0.5658    0.2428   0.05292   0.01291 0.0007937
   194/199     1.45G   0.02163  0.005294  0.000104   0.02703        12       416    0.6434      0.58    0.5644    0.2598   0.05224    0.0125 0.0006388
   195/199     1.45G    0.0226  0.006227 0.0001095   0.02894        17       416    0.7599    0.7158    0.6991    0.2858    0.0512   0.01212  0.000653
   196/199     1.45G   0.02153  0.006105 0.0001056   0.02774        17       416    0.6324    0.5562    0.5426    0.2748   0.05238   0.01257 0.0009273
   197/199     1.45G   0.02202   0.00605 0.0001127   0.02819        15       416    0.7138    0.5324    0.5146     0.264   0.05318   0.01242 0.0007942
   198/199     1.45G   0.02193  0.005696 0.0001152   0.02774        12       416    0.6836    0.5325    0.5325     0.274   0.05154   0.01222 0.0006782
   199/199     1.45G   0.02171  0.005917 0.0001115   0.02773        18       416    0.6628    0.5325    0.5177    0.2728   0.05313   0.01174  0.000677
