     0/199    0.774G    0.1211     0.017   0.02881    0.1669         8       480   0.01278   0.02381  0.001597 0.0002631   0.08995   0.01535   0.02725
     1/199     1.78G    0.1073     0.015   0.02058    0.1429        10       480   0.04632    0.1602   0.01555  0.002355   0.08145   0.01478   0.01964
     2/199     1.78G   0.09108   0.01593   0.01352    0.1205         6       480    0.6721    0.2273    0.2074   0.05414   0.06938   0.01507   0.01662
     3/199     1.78G   0.08069   0.01725  0.009276    0.1072        10       480    0.7709    0.2691     0.243   0.07499   0.06677    0.0143   0.01112
     4/199     1.78G   0.07518   0.01597  0.006331   0.09748         7       480    0.7842    0.3596     0.352   0.07665    0.0608    0.0138  0.008125
     5/199     1.78G   0.07082   0.01538  0.004909   0.09111        12       480    0.2503     0.645    0.3168   0.07173   0.05923   0.01309  0.008016
     6/199     1.78G   0.06838   0.01501  0.003755   0.08715        16       480    0.3073    0.6782    0.3507   0.09966   0.05942   0.01236  0.003235
     7/199     1.78G   0.06547   0.01462  0.003132   0.08323        15       480    0.5329    0.5758     0.478    0.1469   0.05674   0.01173  0.002706
     8/199     1.78G   0.06385   0.01383  0.002412   0.08009        11       480    0.5561    0.5231    0.5356    0.1462   0.05971   0.01084  0.002058
     9/199     1.78G   0.06099   0.01346  0.002427   0.07687         7       480    0.5093    0.5758    0.4809     0.169   0.05593   0.01139   0.00521
    10/199     1.78G    0.0612   0.01295  0.002317   0.07646        12       480    0.6174    0.5736    0.5942    0.1845   0.06088   0.01038  0.003433
    11/199     1.78G   0.06058   0.01249    0.0022   0.07527         9       480     0.631    0.5281     0.509    0.1587   0.06051   0.01052  0.003733
    12/199     1.78G   0.05959   0.01214  0.002443   0.07417         7       480    0.6763    0.5275    0.4834    0.1526   0.06014   0.01055  0.003668
    13/199     1.78G   0.05744   0.01186  0.002362   0.07167        14       480    0.5171      0.55     0.445    0.1411   0.05482   0.01038  0.003691
    14/199     1.78G   0.05693   0.01153  0.002249    0.0707        11       480     0.641    0.4588    0.4332    0.1185   0.05844   0.01106   0.01549
    15/199     1.78G   0.05666   0.01154  0.002433   0.07063        20       480    0.5802    0.5693    0.5966    0.1839   0.05368   0.01101  0.009012
    16/199     1.78G   0.05719   0.01152  0.002083    0.0708         8       480    0.6364    0.5001    0.5345    0.1719   0.05272   0.01009  0.005814
    17/199     1.78G   0.05292   0.01088  0.002051   0.06585         6       480    0.6753    0.5779     0.589    0.2248   0.05394  0.009839  0.002805
    18/199     1.78G   0.05556   0.01083  0.002671   0.06907         7       480    0.7126    0.4827    0.4453     0.154   0.05545   0.01164   0.02037
    19/199     1.78G    0.0573   0.01134  0.002568   0.07121        12       480    0.6873    0.5276    0.5531     0.183   0.06285   0.01079  0.008826
    20/199     1.78G   0.05654   0.01109  0.002214   0.06984         4       480     0.475    0.3723    0.3402    0.1038   0.06459   0.01066  0.003491
    21/199     1.78G   0.05563   0.01145  0.002396   0.06947        12       480    0.4746    0.4156    0.3938    0.1336   0.06395   0.01027   0.01175
    22/199     1.78G   0.05822   0.01149  0.002438   0.07214        12       480    0.5064    0.3699    0.3228    0.0949   0.06217    0.0104   0.00185
    23/199     1.78G   0.05524   0.01235  0.002681   0.07027        12       480    0.7584    0.3383     0.315   0.09274   0.06297   0.01233   0.05746
    24/199     1.78G   0.05703   0.01188  0.003593    0.0725         8       480    0.4994    0.5302    0.4686    0.1255   0.06101   0.01067  0.002153
    25/199     1.78G   0.05413   0.01184   0.00292    0.0689         9       480    0.8021    0.5498    0.5582    0.1511   0.06045   0.01059   0.01986
    26/199     1.78G   0.05377   0.01116  0.001757   0.06669         8       480    0.6021    0.5526     0.528    0.1491   0.05736   0.00997  0.004035
    27/199     1.78G   0.05333   0.01111  0.001699   0.06614        10       480    0.6801    0.5779    0.6652    0.2488   0.05135  0.009101 0.0008989
    28/199     1.78G   0.05136   0.01102  0.001888   0.06427        10       480    0.7505    0.5563    0.5852    0.2643   0.05899  0.008767  0.003397
    29/199     1.78G   0.05053   0.01118  0.001632   0.06334        10       480    0.5301    0.5065    0.4722    0.1686   0.05647    0.0103  0.005288
    30/199     1.78G   0.05056   0.01096  0.001542   0.06306        14       480    0.6803    0.6471    0.6457    0.2288   0.05448  0.009239  0.001113
    31/199     1.78G     0.049   0.01062    0.0018   0.06142         7       480    0.7504    0.5087    0.6045    0.1678   0.06166  0.009069  0.001366
    32/199     1.78G   0.05027   0.01041  0.001621    0.0623        16       480    0.8305    0.4351    0.5384    0.1861   0.05418   0.01093  0.009408
    33/199     1.78G   0.04783   0.01028  0.001668   0.05978        16       480    0.4968    0.7402     0.551    0.1668   0.05753  0.009742  0.001408
    34/199     1.78G   0.04937   0.01037  0.001477   0.06122        13       480    0.6583    0.4632    0.5143    0.1773   0.06243  0.008812  0.001025
    35/199     1.78G   0.04893   0.01039 0.0009551   0.06027        11       480     0.616    0.5779    0.5969    0.1859   0.05978  0.009047  0.001086
    36/199     1.78G   0.04794      0.01  0.001464   0.05941        10       480     0.804    0.5136    0.5279    0.1863   0.05907  0.009224  0.004298
    37/199     1.78G   0.04716   0.01049  0.001755    0.0594        13       480    0.5705    0.6688     0.622    0.2515   0.05378  0.009863  0.005358
    38/199     1.78G   0.04716   0.01026  0.001257   0.05868         9       480     0.613    0.6254    0.6494    0.2121    0.0563  0.008874 0.0005235
    39/199     1.78G   0.04616    0.0097  0.001255   0.05712         7       480    0.8056    0.4134    0.4685     0.224   0.05683   0.01048  0.004354
    40/199     1.78G   0.04594  0.009606 0.0008049   0.05635         6       480     0.616    0.6255    0.6215    0.2538   0.04946  0.009797 0.0006876
    41/199     1.78G   0.04524  0.009763  0.001381   0.05639        11       480    0.6682    0.5302    0.5636    0.2479   0.05024   0.01071  0.002404
    42/199     1.78G    0.0454  0.009753 0.0009939   0.05615         8       480    0.6703    0.5303    0.5519    0.1963   0.04924   0.01064  0.006505
    43/199     1.78G   0.04561  0.009659  0.001197   0.05647        10       480    0.8332    0.5085    0.6009    0.2262   0.05631   0.00961  0.002657
    44/199     1.78G   0.04348  0.009745 0.0009321   0.05415         9       480    0.6833    0.5325    0.5744    0.2155   0.05364  0.009284  0.001272
    45/199     1.78G   0.04374  0.009682 0.0008924   0.05431        11       480    0.7956    0.5758    0.5753    0.2443   0.05412   0.01068  0.003507
    46/199     1.78G   0.04384  0.009621 0.0007967   0.05426         8       480    0.7496    0.5303    0.5731    0.2521    0.0508   0.01047  0.002513
    47/199     1.78G    0.0434  0.009071  0.001306   0.05378        10       480    0.7106    0.5541     0.583    0.2453   0.05023  0.009123 0.0007317
    48/199     1.78G   0.04311  0.009432 0.0008069   0.05335         7       480    0.7784    0.5541     0.635     0.281   0.05173   0.00925 0.0008328
    49/199     1.78G    0.0411  0.009566 0.0006451   0.05131        12       480    0.7305    0.5995    0.6335    0.2555   0.04953  0.009816   0.00143
    50/199     1.78G   0.04141  0.009393 0.0008458   0.05164        10       480    0.8714    0.6234    0.6997    0.2648   0.05072  0.009777  0.001319
    51/199     1.78G   0.04055  0.008863 0.0006495   0.05007        17       480    0.8436    0.5543    0.6459    0.2916   0.05083  0.009582 0.0008359
    52/199     1.78G   0.04142  0.008628 0.0006893   0.05074         6       480    0.7518    0.5541    0.6063    0.2549   0.05252  0.009845  0.000742
    53/199     1.78G   0.03999  0.008899 0.0006594   0.04954        14       480    0.6382    0.6948    0.6736    0.2849   0.05135  0.009135  0.001711
    54/199     1.78G   0.03968  0.009068 0.0006867   0.04944         8       480    0.6787    0.6705    0.6712    0.2598   0.05208  0.009265  0.001382
    55/199     1.78G   0.04065  0.008968 0.0007357   0.05035         7       480    0.6599    0.6017    0.6001    0.2496   0.05289  0.009938  0.001864
    56/199     1.78G   0.04046  0.009078 0.0007675    0.0503        12       480     0.894    0.5751    0.6691    0.2657   0.05501   0.01005   0.01159
    57/199     1.78G   0.03986  0.009079  0.001079   0.05001         9       480    0.7597    0.6234    0.6211    0.2162   0.05394   0.01004  0.003479
    58/199     1.78G   0.03886  0.009121 0.0006852   0.04866        10       480    0.6697    0.6232    0.6316    0.2354   0.05303  0.009553 0.0006011
    59/199     1.78G    0.0398  0.008936  0.000872   0.04961        11       480    0.8123    0.5274    0.6161    0.2373   0.05653   0.01014  0.001768
    60/199     1.78G    0.0385  0.008966 0.0008638   0.04833        12       480    0.5851    0.6255    0.5956    0.2316   0.05448  0.009542  0.001225
    61/199     1.78G   0.03834  0.008343  0.000576   0.04726         8       480    0.6564    0.6253    0.5625    0.2271   0.05669  0.008894 0.0005723
    62/199     1.78G   0.03713  0.008595 0.0006481   0.04637         7       480    0.6405     0.487    0.5118     0.228   0.05383   0.01011 0.0007861
    63/199     1.78G   0.03658  0.008542 0.0005522   0.04567        14       480    0.6108    0.6016     0.579    0.2734   0.05152  0.009897 0.0009413
    64/199     1.78G   0.03772  0.008009 0.0007124   0.04645        11       480    0.7724    0.5087    0.5051    0.1985   0.05603  0.009617  0.001368
    65/199     1.78G   0.03765  0.008045 0.0006394   0.04633        10       480    0.8501    0.6234    0.6437    0.2744   0.04925  0.009341   0.00062
    66/199     1.78G   0.03742   0.00896 0.0006826   0.04706         7       480    0.8319    0.5541     0.562    0.2027   0.05301   0.01028 0.0006808
    67/199     1.78G   0.03797  0.008746  0.000486    0.0472         8       480    0.8352     0.554    0.5894     0.263   0.04999  0.009705 0.0004609
    68/199     1.78G   0.03695  0.008014 0.0008154   0.04577        16       480    0.6551    0.6128    0.5891    0.2681    0.0571  0.009922 0.0007757
    69/199     1.78G   0.03726  0.008878 0.0006604    0.0468        14       480    0.7253    0.6708    0.6657    0.3012   0.05142  0.009538 0.0005164
    70/199     1.78G    0.0372  0.007927 0.0006099   0.04573        10       480      0.82    0.5756    0.6385    0.2512   0.05095  0.009641 0.0004117
    71/199     1.78G   0.03603  0.008588 0.0007608   0.04537         7       480    0.7762    0.6038    0.6284    0.2651   0.05197   0.01086 0.0006017
    72/199     1.78G   0.03619  0.008659 0.0006436    0.0455        14       480    0.7046    0.7183    0.6571    0.2842   0.05338  0.008855 0.0004365
    73/199     1.78G   0.03645  0.008704 0.0004972   0.04565         8       480     0.821    0.5996    0.6277    0.2566   0.05349  0.008904 0.0003515
    74/199     1.78G   0.03455  0.008402 0.0005129   0.04346         5       480    0.7112    0.6017    0.5905     0.251   0.05097  0.008591 0.0003931
    75/199     1.78G   0.03462  0.007647 0.0006842   0.04295        12       480    0.7078    0.6732    0.6088    0.2403   0.05255  0.008978 0.0007749
    76/199     1.78G   0.03545  0.007875 0.0007618   0.04409         4       480    0.7112    0.6679     0.642    0.2396   0.05054  0.009997 0.0006062
    77/199     1.78G   0.03551  0.007647 0.0005662   0.04373         6       480     0.789    0.5779    0.5938     0.227   0.05147   0.01065 0.0004665
    78/199     1.78G   0.03467  0.007466 0.0004866   0.04263         4       480    0.7264    0.6732     0.583    0.2317   0.04947  0.009684 0.0004803
    79/199     1.78G   0.03546   0.00792  0.000441   0.04382         6       480    0.6202    0.5563    0.5422     0.236   0.05207  0.009808 0.0004507
    80/199     1.78G     0.036  0.008246 0.0004957   0.04474         6       480    0.7849    0.6948    0.6372    0.2302   0.05034   0.01064  0.001139
    81/199     1.78G   0.03436  0.008224 0.0005855   0.04317         9       480    0.7624    0.6234    0.6012    0.2369   0.05167   0.01027  0.001235
    82/199     1.78G    0.0343  0.007908 0.0004149   0.04263         9       480    0.6785    0.5779    0.5315    0.2487   0.05439   0.01003 0.0007536
    83/199     1.78G   0.03394   0.00793 0.0006232    0.0425        12       480    0.7954    0.6254    0.6072    0.2645   0.05086  0.009815 0.0006282
    84/199     1.78G   0.03309  0.007421  0.000429   0.04094         7       480    0.5565    0.5801    0.5399    0.2256   0.05347  0.009873 0.0008572
    85/199     1.78G   0.03408  0.007822 0.0004907   0.04239        15       480    0.7198    0.5779    0.5725    0.2377   0.05241  0.009938  0.002215
    86/199     1.78G   0.03163  0.007463  0.000319   0.03941         8       480    0.6005    0.5777    0.5239    0.2207   0.05063    0.0111  0.002192
    87/199     1.78G   0.03413  0.007459 0.0006434   0.04223         8       480    0.7125    0.5325    0.5752    0.2253   0.05186   0.01101    0.0008
    88/199     1.78G   0.03343  0.007631   0.00072   0.04178         9       480    0.8948    0.5328    0.5845    0.2555   0.05069   0.01014  0.001464
    89/199     1.78G    0.0342  0.007858 0.0004386    0.0425         8       480    0.7453    0.5778    0.5874    0.2396   0.05049   0.00973 0.0008802
    90/199     1.78G   0.03221  0.007663 0.0004825   0.04036         9       480    0.6917    0.6231    0.6374    0.2738   0.05093  0.009953 0.0004549
    91/199     1.78G   0.03244   0.00782 0.0003401    0.0406         6       480    0.7412    0.6472    0.6686    0.2623   0.05146   0.01047 0.0004891
    92/199     1.78G   0.03258  0.007554 0.0006303   0.04077         5       480    0.6557    0.6017    0.5544     0.242   0.05328  0.009891 0.0003349
    93/199     1.78G   0.03197  0.007416 0.0004781   0.03986         8       480    0.7089    0.5767    0.5929    0.2695   0.05276   0.01025 0.0004148
    94/199     1.78G   0.03107  0.007363 0.0005572   0.03899        10       480    0.7422     0.582    0.5425    0.2538   0.05307   0.01026 0.0004685
    95/199     1.78G   0.03075  0.007291 0.0004735   0.03851        11       480    0.6921     0.556    0.5401    0.2419   0.05265   0.01059 0.0007606
    96/199     1.78G   0.03166  0.007357 0.0006294   0.03964        12       480    0.6713    0.6017    0.6002    0.2801   0.04954   0.01076 0.0008468
    97/199     1.78G    0.0319  0.007385 0.0006254   0.03991        12       480    0.6431    0.5777    0.4927    0.2016   0.05479    0.0117  0.000629
    98/199     1.78G   0.03025  0.007328 0.0005807   0.03816         5       480    0.7488    0.6017    0.5718    0.2671   0.05179   0.01046 0.0004779
    99/199     1.78G   0.03061  0.007232 0.0004823   0.03832        10       480    0.7725    0.5779    0.5846    0.2907   0.04929   0.01078 0.0008406
   100/199     1.78G   0.02974  0.006902 0.0003486   0.03699        13       480    0.7124    0.5878    0.6027    0.3051   0.05064   0.01054 0.0007538
   101/199     1.78G   0.03114  0.007105 0.0003895   0.03864        12       480    0.7456    0.5952    0.5934    0.2721   0.04742   0.01097 0.0006983
   102/199     1.78G   0.02996  0.007059 0.0005004   0.03752         5       480    0.6412    0.6472    0.5688    0.2479   0.05016   0.01047 0.0007114
   103/199     1.78G   0.03073  0.007188 0.0003252   0.03824        14       480    0.6259    0.6462    0.5788    0.2505   0.05163   0.01068 0.0007192
   104/199     1.78G    0.0297  0.007315 0.0003499   0.03736        14       480    0.8505    0.6234    0.6513    0.2758   0.05284  0.009909 0.0004991
   105/199     1.78G   0.03015  0.007126 0.0005366   0.03782        13       480    0.7621    0.6017    0.5961    0.2714   0.05132   0.01021 0.0003876
   106/199     1.78G   0.02947  0.006919 0.0003419   0.03673         5       480    0.6682    0.6017     0.569    0.2618   0.05062   0.01053 0.0005958
   107/199     1.78G   0.02893  0.007224 0.0003485   0.03651         6       480    0.6449    0.5561    0.5518    0.2609   0.05088   0.01092  0.000532
   108/199     1.78G   0.02896  0.006681 0.0007584    0.0364         8       480    0.7082    0.6017    0.5581    0.2563   0.05074   0.01072 0.0003791
   109/199     1.78G     0.029  0.007005 0.0005504   0.03655        15       480    0.7689    0.6255    0.5588    0.2688   0.04987   0.01088 0.0003839
   110/199     1.78G   0.02883   0.00688 0.0006953    0.0364         6       480    0.6737    0.6017    0.5485    0.2226   0.05298   0.01086  0.000394
   111/199     1.78G   0.02921   0.00687 0.0003805   0.03646         7       480     0.757    0.5339    0.5629    0.2431   0.05057   0.01113  0.001516
   112/199     1.78G   0.02848  0.006819 0.0003892   0.03569        10       480    0.7468    0.5083    0.5668    0.2484   0.05228   0.01061 0.0005674
   113/199     1.78G   0.02968  0.007118  0.000338   0.03714         8       480    0.7825    0.5996    0.5914    0.2497   0.05341    0.0106  0.000714
   114/199     1.78G   0.02828  0.006642 0.0003481   0.03527         8       480    0.7584    0.5541    0.5536    0.2626   0.05138   0.01132  0.000685
   115/199     1.78G   0.02871  0.006681 0.0002446   0.03564         9       480    0.7388    0.5779    0.5733    0.2564   0.05136   0.01123 0.0004542
   116/199     1.78G   0.02842  0.006839 0.0002818   0.03555         5       480     0.756    0.5779    0.5952    0.2573   0.05228   0.01095 0.0004808
   117/199     1.78G   0.02843  0.007019  0.000389   0.03583        12       480    0.7252    0.6017    0.5929    0.2595   0.05112   0.01086 0.0004269
   118/199     1.78G   0.02801  0.006862 0.0003047   0.03518        13       480    0.6926    0.6255    0.5678    0.2566     0.051   0.01044 0.0004232
   119/199     1.78G   0.02784  0.006829 0.0003266     0.035        10       480    0.8619    0.6472    0.6443    0.2921   0.05171   0.01043 0.0005188
   120/199     1.78G   0.02765  0.006467 0.0003243   0.03444         6       480    0.8526    0.6471    0.6104    0.2793   0.05098   0.01066  0.000802
   121/199     1.78G   0.02737  0.006259 0.0002391   0.03387        15       480    0.8278    0.6472    0.6183    0.2777   0.05018   0.01047 0.0006213
   122/199     1.78G    0.0267  0.006902 0.0003084   0.03391        11       480    0.6771    0.6015    0.5835    0.2804   0.05175   0.01078 0.0005756
   123/199     1.78G   0.02683  0.006797 0.0002255   0.03385         9       480    0.7496    0.5563    0.5788    0.2809    0.0518   0.01112 0.0005371
   124/199     1.78G   0.02685  0.006673  0.000216   0.03374        10       480     0.772    0.6017     0.573    0.2885   0.05119   0.01115 0.0005453
   125/199     1.78G   0.02593  0.006406  0.000202   0.03254         6       480    0.7476    0.6017    0.5443    0.2617   0.05229   0.01151 0.0007095
   126/199     1.78G   0.02722  0.006812 0.0003116   0.03434        17       480    0.7142    0.6255    0.5694    0.2454   0.05157     0.011 0.0007668
   127/199     1.78G   0.02652   0.00657 0.0002678   0.03335        17       480    0.7179    0.6017    0.5517     0.268   0.05159   0.01071  0.001008
   128/199     1.78G   0.02639  0.006251 0.0002785   0.03292         7       480    0.7699    0.5779    0.5506    0.2531   0.05161   0.01066 0.0006668
   129/199     1.78G   0.02667  0.006257 0.0002477   0.03318         8       480    0.6989    0.5779    0.5848    0.2695   0.05387   0.01019 0.0007215
   130/199     1.78G   0.02602  0.006011 0.0003082   0.03234        14       480    0.6783    0.5779    0.5593    0.2497   0.05325   0.01092 0.0004897
   131/199     1.78G   0.02611  0.006291 0.0003884   0.03279         7       480    0.7517    0.5563    0.5274    0.2677   0.05137   0.01091 0.0004145
   132/199     1.78G   0.02553  0.006407 0.0002513   0.03219         8       480    0.7414    0.6017    0.5665    0.2661    0.0518   0.01133 0.0004987
   133/199     1.78G   0.02553  0.006115 0.0002028   0.03185         9       480     0.749    0.6472    0.6512    0.2849   0.05196   0.01103 0.0005677
   134/199     1.78G   0.02527  0.006369  0.000209   0.03184         6       480    0.8028    0.6472     0.657    0.2854   0.05054   0.01044 0.0003268
   135/199     1.78G   0.02601  0.006205   0.00022   0.03243         7       480    0.7451    0.6017    0.6052    0.2824   0.05057   0.01068 0.0005151
   136/199     1.78G   0.02573  0.006525 0.0001956   0.03245        17       480    0.7242    0.5563    0.5234    0.2566   0.05187    0.0111 0.0004017
   137/199     1.78G   0.02493  0.006195 0.0001949   0.03132        10       480    0.7668    0.5324    0.5303    0.2643   0.05109   0.01168 0.0004841
   138/199     1.78G   0.02463  0.006271 0.0002281   0.03113        10       480     0.701    0.6017     0.573    0.2898   0.05202    0.0117 0.0005029
   139/199     1.78G   0.02503  0.006013 0.0005003   0.03154        10       480     0.747    0.6017    0.5832    0.2834   0.05113   0.01092 0.0003554
   140/199     1.78G   0.02482  0.006176 0.0002314   0.03123         6       480    0.7473    0.5563    0.5693    0.2603   0.05025   0.01109 0.0004447
   141/199     1.78G   0.02465  0.006107 0.0002718   0.03103         6       480    0.6449    0.6017    0.5552    0.2511   0.05072   0.01163 0.0006218
   142/199     1.78G   0.02419  0.006219 0.0003268   0.03073         9       480    0.7026    0.5325    0.5368    0.2588   0.05131   0.01105 0.0006017
   143/199     1.78G   0.02443  0.006085 0.0001767   0.03069        10       480     0.774    0.5779    0.5988    0.2648   0.05016   0.01059  0.001152
   144/199     1.78G   0.02542  0.005947 0.0001705   0.03154        13       480    0.8121    0.6234    0.6582    0.2775   0.04907   0.01102  0.001158
   145/199     1.78G   0.02458  0.006268 0.0002051   0.03105         8       480    0.8491    0.6234    0.6474    0.3072   0.05129   0.01039 0.0006516
   146/199     1.78G   0.02428  0.006096 0.0002481   0.03062         8       480    0.8486    0.5649    0.6069    0.2772    0.0524   0.01064 0.0007854
   147/199     1.78G   0.02422  0.006114 0.0001662    0.0305         9       480    0.8077    0.6472    0.6276    0.2753   0.05286   0.01108 0.0008589
   148/199     1.78G    0.0243  0.006019 0.0001834    0.0305        10       480    0.7782    0.6017    0.5835    0.2677   0.05153    0.0117 0.0007038
   149/199     1.78G   0.02406   0.00597 0.0002046   0.03023        11       480     0.875     0.554    0.5835    0.2824   0.05022   0.01166 0.0007748
   150/199     1.78G   0.02438  0.006075 0.0002237   0.03068        10       480    0.7586    0.5776    0.5653    0.2736   0.05067   0.01137 0.0006474
   151/199     1.78G   0.02444  0.006406 0.0002683   0.03111        13       480    0.7486    0.6503    0.6163    0.2578   0.04977   0.01156  0.000647
   152/199     1.78G   0.02337  0.006034 0.0002015   0.02961         6       480    0.7913    0.6014    0.6029    0.2884   0.04909   0.01146 0.0004732
   153/199     1.78G   0.02433  0.005925 0.0003308   0.03058         8       480    0.7802    0.6017    0.5879    0.2794   0.04994   0.01203 0.0004436
   154/199     1.78G   0.02373  0.006072 0.0002207   0.03002         9       480    0.7442    0.6017    0.5809    0.2537   0.05116   0.01236 0.0005851
   155/199     1.78G   0.02297  0.006235 0.0002371   0.02944        20       480    0.7897    0.6017    0.5722    0.2741    0.0505   0.01186 0.0004287
   156/199     1.78G   0.02286  0.006165 0.0003265   0.02936        10       480    0.7993    0.5778    0.5693    0.2767   0.05099   0.01192 0.0005483
   157/199     1.78G   0.02416  0.006249 0.0001817   0.03059        12       480    0.8578    0.6234    0.6455    0.3047   0.04893   0.01167 0.0004961
   158/199     1.78G   0.02282    0.0059 0.0002239   0.02894        12       480    0.8451    0.6472    0.6321    0.2885   0.04994   0.01165 0.0004388
   159/199     1.78G   0.02309   0.00586 0.0001811   0.02913        17       480     0.755    0.6948    0.6469    0.2707   0.05136   0.01145  0.000554
   160/199     1.78G   0.02295   0.00578 0.0001464   0.02888         9       480    0.7811    0.6255    0.6101    0.2756    0.0511   0.01152 0.0004427
   161/199     1.78G   0.02233  0.005776 0.0001481   0.02825         7       480    0.7324    0.5987    0.5953    0.2848   0.05171   0.01124 0.0004634
   162/199     1.78G   0.02329  0.006066 0.0001392    0.0295        11       480    0.8459    0.6234    0.6394    0.3027   0.05091   0.01098 0.0004328
   163/199     1.78G   0.02332  0.006112 0.0001917   0.02963        11       480    0.7493    0.6538    0.6412    0.2921   0.05078   0.01104 0.0004089
   164/199     1.78G   0.02258  0.005809 0.0001532   0.02854        11       480    0.7276    0.6472    0.6213    0.3001   0.05062   0.01102 0.0003763
   165/199     1.78G   0.02273  0.005562 0.0001546   0.02844         6       480    0.8071    0.5779    0.5714    0.2994   0.05066     0.011 0.0002911
   166/199     1.78G   0.02267   0.00571 0.0001415   0.02853        14       480    0.7023    0.6254    0.6124    0.2939   0.05037   0.01108 0.0002882
   167/199     1.78G   0.02256  0.005732 0.0002629   0.02856        11       480    0.7321    0.6682    0.6231    0.2977   0.05126   0.01092 0.0003744
   168/199     1.78G   0.02265  0.005498  0.000243   0.02839         9       480    0.7621    0.6471    0.6357    0.3134   0.05038   0.01115    0.0004
   169/199     1.78G   0.02275  0.005549 0.0002766   0.02857         9       480     0.848    0.6234    0.6488    0.3182   0.04891   0.01111 0.0004214
   170/199     1.78G   0.02238  0.006003 0.0002124    0.0286        12       480    0.7332    0.6017    0.5702    0.2926   0.05078   0.01151  0.000488
   171/199     1.78G   0.02242  0.005753 0.0003638   0.02854        11       480    0.7362    0.6016    0.5641    0.2866    0.0516   0.01137 0.0004759
   172/199     1.78G   0.02276  0.005941  0.000211   0.02891         8       480    0.8577    0.6234    0.6096    0.2767   0.05121   0.01171 0.0004673
   173/199     1.78G   0.02238  0.005883 0.0001837   0.02845        11       480    0.8575    0.6233    0.6136     0.268   0.05129   0.01156 0.0005027
   174/199     1.78G   0.02253  0.005554 0.0004328   0.02851        11       480    0.8564    0.6234    0.6059    0.2762   0.05201   0.01135 0.0004354
   175/199     1.78G   0.02236  0.005889 0.0001329   0.02838         9       480    0.8053    0.5779    0.5587    0.2824   0.05117    0.0113 0.0005107
   176/199     1.78G   0.02198  0.005624 0.0001994    0.0278         9       480    0.8083    0.5779    0.5484    0.2844   0.05159   0.01105 0.0006396
   177/199     1.78G   0.02186  0.005616 0.0003175    0.0278         9       480    0.8077    0.5778    0.5839    0.2859   0.05216   0.01102 0.0006928
   178/199     1.78G   0.02174    0.0054 0.0002281   0.02736         7       480    0.7791     0.647     0.622     0.288   0.05222   0.01133   0.00064
   179/199     1.78G   0.02144  0.005913 0.0002417   0.02759         8       480    0.8345    0.6466    0.6298    0.2895   0.05136    0.0117 0.0005086
   180/199     1.78G   0.02161  0.005713 0.0001504   0.02747         9       480    0.8574    0.6472    0.6193    0.2714   0.05202   0.01196 0.0004434
   181/199     1.78G   0.02158  0.005458 0.0002136   0.02725         8       480    0.8263    0.6472    0.6424    0.2798   0.05256   0.01169 0.0004177
   182/199     1.78G   0.02121  0.005649 0.0002808   0.02714         7       480    0.8195    0.6472    0.6397    0.2825   0.05153    0.0116 0.0004378
   183/199     1.78G   0.02153  0.005486 0.0001195   0.02713         8       480    0.7884    0.6709    0.6242    0.2846   0.05007   0.01161 0.0003488
   184/199     1.78G   0.02177  0.005677  0.000181   0.02763         4       480    0.8253    0.6472    0.6302    0.3042   0.05123   0.01155 0.0004209
   185/199     1.78G   0.02197  0.005963 0.0001756   0.02811        10       480    0.7941    0.6472    0.6405    0.2968   0.05158   0.01173 0.0004086
   186/199     1.78G   0.02119   0.00529 0.0001345   0.02661         8       480    0.7854    0.6136    0.6121    0.2911   0.05172   0.01177  0.000391
   187/199     1.78G   0.02134  0.005764 0.0001262   0.02723         9       480    0.7183    0.6017    0.5603    0.2713   0.05178     0.012 0.0003786
   188/199     1.78G   0.02093  0.005221 0.0001516    0.0263         4       480    0.7508     0.671      0.61    0.2743   0.05117   0.01205 0.0003639
   189/199     1.78G   0.02153  0.005546  0.000224    0.0273        11       480    0.7707     0.671    0.6252     0.285   0.05091     0.012  0.000466
   190/199     1.78G   0.02146  0.005415 0.0002302    0.0271        13       480    0.7488     0.671    0.6392    0.2835   0.05053   0.01168  0.000536
   191/199     1.78G   0.02104  0.005382 0.0001703   0.02659         7       480    0.7705     0.671     0.635    0.3016   0.05063   0.01146 0.0006011
   192/199     1.78G   0.02113  0.005441 0.0001449   0.02672         7       480    0.7535     0.671     0.649    0.2826   0.05168   0.01122 0.0006056
   193/199     1.78G    0.0204  0.005534 0.0001169   0.02605         8       480    0.7507    0.6255    0.5926    0.2804    0.0526   0.01143 0.0006808
   194/199     1.78G    0.0197  0.004965 0.0001014   0.02477        13       480    0.7602     0.671    0.6525    0.2927   0.05193    0.0121 0.0008904
   195/199     1.78G   0.02059   0.00562 0.0001786   0.02639        17       480    0.8419    0.6233    0.6595    0.2899   0.05086    0.0116 0.0008207
   196/199     1.78G   0.02046  0.005478 0.0001828   0.02612        13       480    0.8241    0.6472    0.6412    0.2879   0.05304   0.01136 0.0005839
   197/199     1.78G   0.02079  0.005611 0.0001201   0.02652        14       480    0.8571    0.6139    0.6491    0.2874   0.05226   0.01139 0.0006829
   198/199     1.78G   0.02053  0.005313  0.000119   0.02596        12       480    0.8165    0.6471    0.6461    0.3049   0.05156   0.01137 0.0005471
   199/199     1.78G   0.02035  0.005492 0.0001339   0.02598        13       480    0.7483    0.6472    0.6143    0.2775   0.05303   0.01158 0.0005182
