     0/199     2.18G     0.118   0.02382   0.02891    0.1707         8       640  0.008564   0.09307  0.002698 0.0004073   0.08851   0.01842   0.02627
     1/199     3.07G    0.1027   0.01843   0.01915    0.1403        10       640     0.645   0.04545   0.02634  0.002785   0.08157   0.01595   0.02088
     2/199     3.07G   0.08496   0.01881   0.01176    0.1155         6       640    0.6651    0.2727    0.1767   0.04703    0.0702   0.01593   0.01243
     3/199     3.07G   0.07532   0.01979  0.008078    0.1032        10       640    0.6652    0.2273    0.1284   0.02498   0.06664   0.01454  0.008424
     4/199     3.07G   0.07123   0.01765  0.005592   0.09447         7       640    0.6986    0.4091    0.3946    0.1474   0.05535   0.01451  0.008409
     5/199     3.07G   0.06838    0.0169  0.004534   0.08981        12       640    0.3746    0.5974    0.3954     0.107     0.055   0.01395  0.005398
     6/199     3.07G   0.06604   0.01658   0.00346   0.08608        16       640     0.576    0.5501    0.4934    0.1019   0.05241   0.01253  0.004886
     7/199     3.07G    0.0639   0.01591  0.002953   0.08276        15       640    0.5332    0.5524    0.4067    0.1312   0.05113   0.01196  0.003863
     8/199     3.07G   0.06107    0.0151  0.002413   0.07858        11       640    0.4469    0.5736    0.5129    0.1189   0.05315   0.01221  0.005818
     9/199     3.07G   0.05918   0.01443  0.002236   0.07585         7       640    0.5969    0.6022    0.5576    0.1808   0.04951   0.01112  0.002995
    10/199     3.07G   0.05858   0.01396   0.00228   0.07482        12       640    0.3285     0.599    0.3269    0.1235   0.05807   0.01077  0.005615
    11/199     3.07G   0.05835   0.01339  0.002145   0.07388         9       640    0.5337    0.5296    0.4257    0.1283   0.05873   0.01107  0.002089
    12/199     3.07G   0.05847   0.01302   0.00265   0.07414         7       640    0.5748    0.5313    0.4891    0.1502   0.05709  0.009758   0.00339
    13/199     3.07G   0.05579   0.01283  0.002277    0.0709        14       640    0.4874    0.3874      0.33   0.09367    0.0569    0.0118   0.01665
    14/199     3.07G   0.05618   0.01244  0.002432   0.07105        11       640    0.7745    0.4561    0.5125    0.1315   0.04899   0.01175    0.0154
    15/199     3.07G   0.05416   0.01268  0.002571   0.06941        20       640    0.6207    0.5303    0.5368    0.1903   0.05268   0.01149  0.004023
    16/199     3.07G   0.05441   0.01227  0.001972   0.06864         8       640    0.6458    0.5065    0.5424    0.1863   0.04958   0.01057  0.002718
    17/199     3.07G   0.05264   0.01185  0.001799    0.0663         6       640    0.4634    0.5065    0.4844    0.1789   0.04919    0.0112  0.002885
    18/199     3.07G   0.05276    0.0119  0.001832   0.06649         7       640    0.4468     0.645    0.5074    0.1701   0.04655   0.01176  0.005416
    19/199     3.07G   0.05568   0.01199  0.002157   0.06983        12       640     0.639    0.6381    0.6081    0.2063    0.0499   0.01216  0.005306
    20/199     3.07G    0.0539   0.01141  0.001987    0.0673         4       640    0.5536    0.3918    0.3671    0.1001   0.06044   0.01075  0.001453
    21/199     3.07G   0.05293   0.01207  0.002119   0.06712        12       640    0.8848    0.2493    0.3219   0.07165   0.06912   0.01123  0.002829
    22/199     3.07G   0.05508   0.01246  0.002389   0.06993        12       640    0.2981    0.3203    0.1638   0.02894   0.07127   0.01176      0.01
    23/199     3.07G   0.05302   0.01353   0.00322   0.06977        12       640    0.4538    0.6481    0.5192    0.1541   0.05662    0.0106   0.00181
    24/199     3.07G   0.05257    0.0123  0.001927   0.06679         8       640    0.6636    0.4369    0.4667    0.1338   0.05803     0.012  0.001306
    25/199     3.07G    0.0516   0.01234  0.001959    0.0659         9       640    0.7452    0.3655    0.4591      0.16   0.05683   0.01122   0.01869
    26/199     3.07G   0.05136   0.01234  0.002332   0.06604         8       640    0.4394     0.487    0.4784    0.1516   0.05545   0.01122 0.0007899
    27/199     3.07G   0.05183   0.01289  0.002482    0.0672        10       640    0.3937    0.3695    0.3529    0.1081   0.06315   0.01072  0.004301
    28/199     3.07G   0.05211   0.01254  0.002111   0.06676        10       640    0.8056    0.4878    0.5496    0.2061   0.05046   0.01102  0.005662
    29/199     3.07G   0.05021   0.01272  0.002067   0.06499        10       640    0.6702    0.4804     0.537    0.1471   0.05259   0.01131  0.008878
    30/199     3.07G   0.05015   0.01248   0.00156   0.06418        14       640    0.5306    0.3918    0.3725    0.1037   0.06065   0.01055  0.004272
    31/199     3.07G   0.04786   0.01146  0.001331   0.06064         7       640     0.436     0.461    0.4434    0.1537   0.05619   0.01149   0.01111
    32/199     3.07G   0.04771   0.01104  0.001069   0.05982        16       640     0.385    0.4808    0.3767    0.1273   0.05164   0.01293   0.01111
    33/199     3.07G   0.04664    0.0112  0.001063    0.0589        16       640    0.7081    0.5563     0.524    0.1742   0.04923    0.0101  0.001142
    34/199     3.07G   0.04645   0.01078  0.001374   0.05861        13       640    0.7626    0.5801    0.5926    0.2248   0.04964   0.01021 0.0005542
    35/199     3.07G   0.04585   0.01111  0.000798   0.05776        11       640    0.6288    0.5987    0.5831    0.2243   0.04879   0.01072 0.0007446
    36/199     3.07G   0.04461   0.01054 0.0009842   0.05613        10       640    0.4991    0.5998    0.5576    0.2042   0.05376   0.01187  0.005116
    37/199     3.07G   0.04372   0.01096  0.001049   0.05573        13       640    0.5835    0.4589    0.5077    0.1721   0.05429   0.01049 0.0007358
    38/199     3.07G    0.0446   0.01067  0.001282   0.05656         9       640    0.5079    0.5772    0.5463    0.1318   0.06046   0.01081 0.0008948
    39/199     3.07G   0.04475   0.01035   0.00123   0.05632         7       640    0.5807    0.5779    0.5329    0.1731   0.05851   0.01077  0.001062
    40/199     3.07G   0.04345   0.01039 0.0009671   0.05481         6       640    0.8077    0.4351    0.5085      0.13   0.05438   0.01197  0.005841
    41/199     3.07G   0.04267   0.01045  0.001397   0.05452        11       640    0.7328    0.5515    0.6255     0.254   0.04697   0.01118  0.001278
    42/199     3.07G   0.04407   0.01048 0.0008598   0.05541         8       640    0.5648    0.5087    0.5227    0.2106   0.05398   0.01103  0.003791
    43/199     3.07G   0.04399   0.01045  0.001121   0.05556        10       640    0.8014    0.5516    0.6017     0.223   0.05665   0.01085 0.0008758
    44/199     3.07G   0.04124   0.01048 0.0007474   0.05247         9       640    0.7333     0.645    0.6976    0.2753   0.05058   0.01062 0.0004911
    45/199     3.07G   0.04016   0.01031 0.0007392   0.05122        11       640    0.7278    0.5325    0.5992    0.2498   0.04579   0.01036 0.0004883
    46/199     3.07G   0.04252   0.01008  0.001032   0.05363         8       640    0.9338    0.6449    0.6911    0.2682   0.04874    0.0111  0.001478
    47/199     3.07G   0.04043  0.009627 0.0009713   0.05103        10       640    0.5441     0.671    0.6258    0.2346   0.04938   0.01039 0.0008324
    48/199     3.07G   0.04129   0.01031  0.001057   0.05266         7       640     0.594    0.5801    0.5457    0.2162   0.05676    0.0106  0.001102
    49/199     3.07G   0.03928    0.0104 0.0007429   0.05042        12       640    0.7037    0.5303    0.5664    0.2179   0.05367   0.01002 0.0004047
    50/199     3.07G   0.04025   0.01013   0.00094   0.05132        10       640    0.7771    0.5519    0.5828     0.217   0.04988    0.0107  0.001164
    51/199     3.07G   0.03949  0.009848 0.0005768   0.04991        17       640    0.6629    0.5539    0.5489    0.2342   0.04726   0.01181  0.001167
    52/199     3.07G    0.0385   0.00924 0.0005522   0.04829         6       640    0.8692    0.5758    0.6317    0.2448   0.05273   0.01106 0.0004596
    53/199     3.07G   0.03811  0.009535 0.0007342   0.04837        14       640    0.5816    0.6017    0.5462    0.2402   0.05112   0.01093 0.0004818
    54/199     3.07G   0.03865  0.009643 0.0006284   0.04892         8       640    0.6761    0.5302    0.5488    0.2357   0.05174   0.01015 0.0005474
    55/199     3.07G   0.03977   0.00959 0.0006473   0.05001         7       640    0.5787     0.566    0.4612    0.1643   0.05081   0.01072  0.001056
    56/199     3.07G   0.03728  0.009548 0.0006174   0.04744        12       640    0.7065    0.5779    0.5793    0.2176   0.05278   0.01052 0.0007719
    57/199     3.07G    0.0376  0.009475 0.0006054   0.04768         9       640    0.6157    0.5996    0.5637    0.2223    0.0493   0.01175  0.002243
    58/199     3.07G   0.03715  0.009554 0.0007249   0.04743        10       640    0.7179    0.4827    0.5176    0.2454   0.04987    0.0102   0.00097
    59/199     3.07G   0.03791  0.009465  0.001499   0.04887        11       640    0.7625     0.671    0.6422    0.2646   0.04593   0.01013 0.0005691
    60/199     3.07G   0.03805    0.0094 0.0007409   0.04819        12       640    0.6574    0.6472    0.6269    0.2259   0.05104   0.01072  0.002092
    61/199     3.07G   0.03747  0.008949  0.001133   0.04755         8       640    0.5756    0.4827    0.4983    0.1945    0.0541   0.01186  0.002442
    62/199     3.07G   0.03661  0.009283 0.0008131   0.04671         7       640    0.6051    0.5325    0.5292     0.217    0.0486   0.01076  0.001017
    63/199     3.07G   0.03563  0.009193 0.0006824   0.04551        14       640    0.5802    0.6624    0.6265    0.2289    0.0489   0.01096 0.0006809
    64/199     3.07G   0.03596  0.008611    0.0007   0.04527        10       640    0.6183    0.6492    0.5858    0.2663   0.04939   0.01168  0.001287
    65/199     3.07G   0.03529  0.008941 0.0005116   0.04474        10       640    0.7245    0.5996    0.6051    0.2572   0.04878   0.01121 0.0008844
    66/199     3.07G   0.03581  0.009789 0.0006092   0.04621         7       640    0.6084    0.5801    0.5216    0.2159   0.05027   0.01103 0.0004411
    67/199     3.07G   0.03607   0.00946 0.0006037   0.04613         8       640    0.5947    0.6017     0.588    0.2282   0.04743   0.01116  0.000629
    68/199     3.07G   0.03506  0.008552 0.0006206   0.04423        16       640     0.572    0.5043    0.5398    0.1464    0.0539   0.01231  0.002106
    69/199     3.07G   0.03459   0.00893 0.0004516   0.04398        14       640    0.4825    0.6251     0.512    0.1995   0.05269   0.01136 0.0008088
    70/199     3.07G   0.03434  0.008422 0.0004761   0.04324        10       640    0.4848    0.6017    0.5532    0.2334   0.04909   0.01148 0.0008932
    71/199     3.07G   0.03376  0.009045    0.0006    0.0434         7       640    0.8392    0.5758    0.6516    0.2601   0.05069   0.01128 0.0008552
    72/199     3.07G   0.03425  0.009154 0.0004337   0.04384        14       640    0.6214    0.5541    0.4884    0.2127   0.04825   0.01102 0.0003865
    73/199     3.07G   0.03417  0.009124 0.0004578   0.04375         8       640    0.7696    0.6688    0.6882    0.2674   0.04763   0.01069 0.0004331
    74/199     3.07G   0.03215  0.009028 0.0007308    0.0419         5       640    0.7184    0.5776     0.618     0.287   0.04554   0.01094  0.000422
    75/199     3.07G   0.03393  0.008203 0.0004758   0.04261        12       640    0.4756    0.6471    0.5575     0.193   0.05546   0.01074 0.0005053
    76/199     3.07G     0.034   0.00836 0.0006546   0.04302         4       640     0.546    0.4339    0.4516    0.1906    0.0514   0.01288  0.001153
    77/199     3.07G   0.03319   0.00824 0.0004715    0.0419         6       640    0.7314    0.5324    0.5821    0.2416   0.04832   0.01185  0.001078
    78/199     3.07G   0.03267  0.008108 0.0004313   0.04121         4       640    0.6052    0.5797    0.5161    0.2186    0.0504    0.0109 0.0004731
    79/199     3.07G   0.03353  0.008485 0.0004253   0.04244         6       640    0.6464    0.5541    0.5691     0.241   0.04734   0.01082 0.0007174
    80/199     3.07G   0.03356  0.008597 0.0003354   0.04249         6       640    0.6248    0.5325    0.5709    0.2408   0.04842   0.01087 0.0003729
    81/199     3.07G   0.03268  0.008714 0.0004775   0.04187         9       640    0.5343    0.5003     0.502    0.2084    0.0501   0.01145 0.0003673
    82/199     3.07G   0.03269  0.008206 0.0003971   0.04129         9       640    0.7097    0.5563    0.5316    0.2235   0.05013   0.01109 0.0004319
    83/199     3.07G   0.03224  0.008159 0.0006145   0.04101        12       640    0.6936    0.6255    0.5572    0.2512   0.05375   0.01104 0.0004489
    84/199     3.07G   0.03082  0.007668 0.0003649   0.03885         7       640     0.627    0.5325    0.5397    0.2298   0.05136   0.01116 0.0003121
    85/199     3.07G    0.0312  0.007976  0.000386   0.03956        15       640    0.5203    0.6134    0.4977    0.2079   0.04997    0.0112 0.0003042
    86/199     3.07G   0.03072  0.007773 0.0003519   0.03884         8       640    0.7787    0.4372    0.4652    0.1905    0.0516   0.01208 0.0003821
    87/199     3.07G   0.03252  0.007665 0.0003032   0.04049         8       640     0.638    0.4848    0.4696    0.1855   0.05169   0.01176 0.0003905
    88/199     3.07G   0.03237   0.00751 0.0004577   0.04034         9       640    0.6881     0.461    0.4304    0.1901   0.05138   0.01143 0.0003585
    89/199     3.07G    0.0316  0.008165 0.0005092   0.04027         8       640    0.7131    0.5087    0.4981     0.204   0.05183   0.01096 0.0002967
    90/199     3.07G   0.03094   0.00787 0.0004572   0.03926         9       640    0.6635    0.4848    0.4991    0.2013    0.0477   0.01157 0.0003459
    91/199     3.07G   0.03013  0.008151 0.0003448   0.03863         6       640    0.5838    0.5798    0.5394    0.2275   0.04976   0.01153 0.0003055
    92/199     3.07G   0.03098  0.007868 0.0004859   0.03934         5       640    0.6519    0.6017    0.5364    0.2322   0.04962   0.01135 0.0005978
    93/199     3.07G   0.03043  0.007613 0.0003695   0.03841         8       640    0.5397    0.6948    0.5902    0.2633   0.04871   0.01096 0.0003201
    94/199     3.07G   0.03002  0.007665 0.0005009   0.03819        10       640    0.6299    0.6255    0.5546    0.2435   0.04699   0.01089  0.000253
    95/199     3.07G   0.02961  0.007878 0.0003536   0.03785        11       640     0.734    0.5801    0.5655    0.2626   0.04611   0.01093 0.0002843
    96/199     3.07G   0.02863  0.007607 0.0004018   0.03664        12       640     0.763    0.5303    0.5761    0.2367    0.0457   0.01141 0.0004172
    97/199     3.07G   0.03005  0.007863 0.0004601   0.03838        12       640    0.6741    0.5087    0.4797    0.2107   0.04845   0.01248 0.0004006
    98/199     3.07G   0.02813  0.007715 0.0004561    0.0363         5       640    0.5975    0.6079    0.5385    0.2358   0.04553   0.01191 0.0005112
    99/199     3.07G   0.02855  0.007654 0.0003661   0.03657        10       640    0.6293     0.461    0.4884    0.2056   0.05032   0.01192 0.0004209
   100/199     3.07G   0.02846  0.007299 0.0002422     0.036        13       640    0.5932    0.4848    0.5071    0.2318   0.04822   0.01267 0.0004032
   101/199     3.07G    0.0292  0.007393 0.0003197   0.03692        12       640     0.635    0.5325    0.5425    0.2278   0.04952   0.01246 0.0003957
   102/199     3.07G   0.02789  0.007403 0.0003705   0.03567         5       640    0.5812     0.589    0.5321    0.2269   0.05027   0.01266 0.0004129
   103/199     3.07G   0.02882  0.007555 0.0003433   0.03672        14       640    0.6152    0.6251    0.5453    0.2295   0.04794   0.01175 0.0003275
   104/199     3.07G   0.02849  0.007839 0.0003232   0.03665        14       640    0.5882    0.5801    0.5134    0.2136    0.0514   0.01127 0.0002755
   105/199     3.07G   0.02834    0.0075 0.0003456   0.03619        13       640    0.7659    0.5324    0.5493    0.2416   0.04792   0.01147  0.000238
   106/199     3.07G   0.02834  0.007424 0.0003478   0.03611         5       640    0.6707    0.5087     0.514    0.2141   0.04713   0.01102 0.0002023
   107/199     3.07G   0.02674   0.00731 0.0003538   0.03441         6       640    0.4891    0.6732    0.5012    0.2257   0.04999   0.01139 0.0002082
   108/199     3.07G   0.02731   0.00712 0.0005888   0.03502         8       640     0.564    0.6277    0.5159    0.2159   0.04876   0.01162 0.0002531
   109/199     3.07G   0.02713  0.007242 0.0003238    0.0347        15       640    0.6335    0.4847    0.4752     0.199   0.04839   0.01227 0.0002687
   110/199     3.07G   0.02716  0.007232 0.0003939   0.03478         6       640    0.5837    0.4848    0.4838    0.2007   0.04878   0.01262 0.0002305
   111/199     3.07G   0.02693  0.007309 0.0002949   0.03453         7       640    0.5919    0.5563    0.5156    0.2067   0.04696   0.01191 0.0003082
   112/199     3.07G   0.02632  0.007114 0.0004066   0.03384        10       640    0.7195    0.5801    0.5507    0.2474   0.04803   0.01136  0.000236
   113/199     3.07G   0.02779  0.007592 0.0004545   0.03583         8       640    0.6063    0.6277    0.5357    0.2188   0.04994   0.01184 0.0002569
   114/199     3.07G   0.02675   0.00696  0.000435   0.03414         8       640    0.7227    0.6255    0.5593    0.2279   0.04928   0.01173 0.0002344
   115/199     3.07G   0.02692  0.007127  0.000429   0.03447         9       640    0.6929    0.5887      0.57    0.2421   0.05088   0.01161 0.0002332
   116/199     3.07G   0.02671   0.00725  0.000341    0.0343         5       640    0.6374    0.6221    0.5289    0.2303   0.05125   0.01184 0.0002401
   117/199     3.07G   0.02676  0.007374 0.0003914   0.03453        12       640    0.7513    0.5087    0.5375    0.2371   0.04848   0.01208 0.0002213
   118/199     3.07G   0.02655  0.007367 0.0003339   0.03425        13       640    0.6771    0.6255    0.5485    0.2313   0.04854   0.01181 0.0002719
   119/199     3.07G   0.02619  0.007214 0.0003053   0.03371        10       640    0.6659    0.5563    0.5186    0.2283   0.05052   0.01183 0.0002328
   120/199     3.07G   0.02713  0.006871 0.0003123   0.03431         6       640    0.6494    0.6017     0.557    0.2507   0.04635   0.01155 0.0002892
   121/199     3.07G   0.02615  0.006757 0.0003042   0.03321        15       640    0.6984    0.5323    0.5739    0.2317   0.04916   0.01134 0.0005536
   122/199     3.07G   0.02586  0.007329  0.000527   0.03371        11       640    0.6952    0.5087    0.5457    0.2505   0.04958   0.01156 0.0002814
   123/199     3.07G   0.02571  0.007068 0.0002466   0.03303         9       640    0.6516    0.5324    0.5292    0.2307   0.04847   0.01199 0.0005008
   124/199     3.07G   0.02519  0.007199 0.0003367   0.03273        10       640    0.6806    0.5799    0.5463    0.2268   0.05038   0.01221 0.0002701
   125/199     3.07G   0.02463  0.006856 0.0002951   0.03178         6       640    0.6928    0.5563     0.555    0.2508   0.04847   0.01222 0.0003506
   126/199     3.07G   0.02572  0.007252  0.000249   0.03322        17       640    0.6395    0.6255    0.5819    0.2245   0.04996   0.01254 0.0002508
   127/199     3.07G   0.02468  0.007035 0.0005106   0.03222        17       640    0.6942    0.6515    0.6258    0.2542   0.04727   0.01138 0.0003232
   128/199     3.07G   0.02502  0.006416 0.0003328   0.03177         7       640    0.6744    0.6039    0.5687    0.2616   0.04757    0.0117  0.000178
   129/199     3.07G   0.02545  0.006773 0.0003962   0.03262         8       640    0.7076     0.673    0.6299    0.2588   0.04972    0.0121 0.0002434
   130/199     3.07G   0.02474  0.006433 0.0002063   0.03138        14       640     0.654    0.5325    0.5297    0.2288   0.04806    0.0133 0.0003815
   131/199     3.07G   0.02439  0.006791 0.0003474   0.03153         7       640    0.6104    0.6234    0.5854     0.242   0.04951   0.01347 0.0004619
   132/199     3.07G    0.0246  0.006749 0.0002541   0.03161         8       640    0.6528    0.6039    0.5245    0.2312   0.04562   0.01219 0.0004044
   133/199     3.07G    0.0249  0.006358 0.0002194   0.03148         9       640    0.6018    0.6255    0.5755    0.2648   0.04734   0.01191 0.0003493
   134/199     3.07G   0.02374  0.006527 0.0002305    0.0305         6       640    0.8024    0.5563    0.5763    0.2418   0.04911   0.01165 0.0002571
   135/199     3.07G   0.02433   0.00657 0.0002078   0.03111         7       640    0.8516    0.5765    0.6344    0.2816   0.04571   0.01139 0.0003046
   136/199     3.07G   0.02457  0.007029 0.0002406   0.03184        17       640    0.6703    0.5325     0.523    0.2254   0.04762    0.0115 0.0001915
   137/199     3.07G   0.02354  0.006476 0.0001644   0.03018        10       640    0.6648    0.6948    0.5754    0.2457    0.0477   0.01161 0.0001826
   138/199     3.07G   0.02366  0.006498 0.0002102   0.03037        10       640    0.6173    0.5801    0.5298    0.2251   0.04824   0.01203 0.0002363
   139/199     3.07G   0.02363  0.006323 0.0003259   0.03028        10       640     0.642    0.5906    0.5392    0.2292   0.04677   0.01231 0.0002432
   140/199     3.07G   0.02295  0.006315 0.0002563   0.02952         6       640    0.6419    0.5801    0.5489    0.2038   0.04845   0.01317 0.0003014
   141/199     3.07G    0.0233  0.006583 0.0003437   0.03022         6       640    0.6755    0.5562    0.5243    0.2321   0.04932   0.01185 0.0002204
   142/199     3.07G   0.02306  0.006418 0.0002029   0.02968         9       640    0.5367    0.6487    0.5619    0.2662   0.04933   0.01187 0.0002598
   143/199     3.07G   0.02323  0.006328 0.0002751   0.02983        10       640    0.6538    0.5563    0.5456    0.2464    0.0486   0.01301 0.0003818
   144/199     3.07G   0.02323  0.006179  0.000154   0.02956        13       640    0.6902    0.6472    0.5793    0.2631     0.046   0.01241 0.0002938
   145/199     3.07G    0.0229  0.006378 0.0002095   0.02948         8       640     0.656    0.6254    0.5442     0.226   0.04759   0.01292 0.0002097
   146/199     3.07G   0.02299  0.006287 0.0001838   0.02946         8       640    0.7524    0.6017    0.5328    0.2472   0.04939    0.0126  0.000175
   147/199     3.07G   0.02304  0.006364 0.0001619   0.02956         9       640    0.7083    0.6253    0.5112    0.2403   0.04607   0.01286 0.0002102
   148/199     3.07G   0.02227  0.006196 0.0001544   0.02862        10       640    0.8049    0.6255     0.558    0.2719   0.04599   0.01248 0.0001908
   149/199     3.07G   0.02217  0.006111 0.0001854   0.02847        11       640    0.6422    0.6255    0.5236      0.26   0.04729   0.01294 0.0001911
   150/199     3.07G   0.02269  0.006201 0.0002165   0.02911        10       640    0.7055     0.625    0.5474    0.2583   0.04669    0.0123 0.0001898
   151/199     3.07G   0.02246  0.006713 0.0002509   0.02942        13       640    0.6731    0.6873    0.5632     0.243   0.04735   0.01204 0.0001688
   152/199     3.07G   0.02201  0.006491 0.0002212   0.02873         6       640    0.6319    0.5563    0.5295     0.228    0.0483   0.01226 0.0001763
   153/199     3.07G   0.02246  0.006312  0.000259   0.02904         8       640    0.6327    0.5801    0.5104    0.2198    0.0472   0.01237  0.000169
   154/199     3.07G   0.02203  0.006306 0.0002141   0.02855         9       640    0.7391    0.5703    0.5295    0.2421   0.04721   0.01234 0.0001727
   155/199     3.07G   0.02194   0.00654 0.0001697   0.02865        20       640    0.6772    0.5561    0.5615      0.25   0.04665   0.01222 0.0002607
   156/199     3.07G   0.02122   0.00628 0.0001266   0.02762        10       640    0.7074     0.556    0.5185    0.2381   0.04804    0.0128 0.0001952
   157/199     3.07G   0.02271  0.006272 0.0002239   0.02921        12       640    0.6073    0.6015     0.528    0.2357   0.04671    0.0131 0.0001573
   158/199     3.07G   0.02195  0.006018 0.0002061   0.02817        12       640    0.5574    0.5991    0.5077    0.2176   0.04771   0.01321 0.0001825
   159/199     3.07G   0.02149  0.006062 0.0001479    0.0277        17       640    0.6632    0.6679    0.5952    0.2341   0.04842   0.01293   0.00018
   160/199     3.07G   0.02178  0.006035  0.000227   0.02804         9       640    0.6352    0.6659     0.548    0.2228   0.04823   0.01302 0.0001927
   161/199     3.07G   0.02073   0.00594  0.000137   0.02681         7       640    0.6364    0.6016    0.5281    0.2364   0.04714   0.01304  0.000221
   162/199     3.07G   0.02143  0.006275  0.000129   0.02783        11       640    0.7537    0.6208    0.5765    0.2494   0.04683   0.01279 0.0002337
   163/199     3.07G   0.02165  0.006254 0.0001437   0.02805        11       640    0.6867    0.5325     0.545    0.2614   0.04677   0.01265 0.0001931
   164/199     3.07G   0.02082  0.006133 0.0001638   0.02712        10       640    0.6451     0.638    0.5815    0.2533    0.0482   0.01198 0.0001586
   165/199     3.07G   0.02167  0.005779  0.000122   0.02757         6       640    0.6463    0.6417    0.5526    0.2572   0.04561   0.01269 0.0001829
   166/199     3.07G    0.0215  0.006014 0.0002274   0.02774        14       640    0.6514    0.6097    0.5506    0.2682   0.04673    0.0128  0.000185
   167/199     3.07G   0.02089  0.005985 0.0001507   0.02702        11       640    0.7476    0.5562     0.603    0.2527   0.04916   0.01229 0.0001889
   168/199     3.07G   0.02104   0.00567 0.0001709   0.02688         9       640    0.6433    0.5938    0.5636    0.2397   0.04956   0.01193  0.000214
   169/199     3.07G   0.02107  0.005834 0.0002623   0.02716         9       640     0.596    0.6494    0.5491    0.2518   0.04812   0.01174 0.0002069
   170/199     3.07G   0.02067  0.006165 0.0001366   0.02697        12       640    0.6593    0.5761     0.515    0.2355   0.04866   0.01223  0.000216
   171/199     3.07G   0.02035  0.005878 0.0002038   0.02643        11       640    0.6913    0.5831    0.5303    0.2493   0.04588    0.0121 0.0001969
   172/199     3.07G   0.02102  0.006038 0.0001593   0.02722         8       640    0.6588    0.5562    0.5039    0.2365   0.04643   0.01268 0.0001812
   173/199     3.07G   0.02016   0.00599 0.0001043   0.02626        11       640    0.6516    0.5563    0.5197     0.238   0.04635   0.01289 0.0001888
   174/199     3.07G   0.02142  0.005926 0.0002748   0.02762        11       640     0.648    0.5801     0.512    0.2264   0.04736    0.0128 0.0001795
   175/199     3.07G    0.0207  0.006148  0.000119   0.02696         9       640    0.6823    0.5325    0.5372    0.2409   0.04741   0.01251 0.0001732
   176/199     3.07G   0.02022  0.005708 0.0001418   0.02607         9       640    0.6061    0.5983     0.511     0.218   0.04799   0.01212 0.0001665
   177/199     3.07G   0.02015  0.005798 0.0001571   0.02611         9       640    0.5865      0.58     0.513    0.2117   0.04682   0.01246 0.0001693
   178/199     3.07G   0.02023  0.005559 0.0004675   0.02626         7       640    0.5721    0.6458    0.5016    0.2208   0.04736   0.01263 0.0001643
   179/199     3.07G   0.01948  0.005969  0.000181   0.02563         8       640    0.5743    0.6016    0.5027    0.2353   0.04711   0.01256 0.0001558
   180/199     3.07G   0.01992   0.00577 0.0001096    0.0258         9       640    0.7371    0.4847    0.5187    0.2444   0.04671   0.01293  0.000149
   181/199     3.07G   0.02025  0.005598 0.0002313   0.02608         8       640    0.6219    0.5779    0.5392    0.2371   0.04656   0.01303 0.0001728
   182/199     3.07G   0.01929  0.005751 0.0001523   0.02519         7       640    0.4534    0.5801    0.4833    0.2219   0.04757   0.01342  0.000162
   183/199     3.07G   0.02009  0.005592 0.0001227   0.02581         8       640    0.5513    0.6017    0.4961    0.2365    0.0464     0.013 0.0001683
   184/199     3.07G   0.01992  0.005799 0.0001248   0.02585         4       640    0.5966    0.6017    0.4863    0.2185   0.04703   0.01298 0.0001871
   185/199     3.07G   0.02057  0.006246 0.0001223   0.02694        10       640    0.5858     0.671    0.5364    0.2249   0.04717   0.01324 0.0002045
   186/199     3.07G    0.0194  0.005457 0.0001038   0.02496         8       640    0.6288    0.6254    0.5017    0.2174   0.04584   0.01323 0.0001822
   187/199     3.07G   0.01965  0.005955 0.0001292   0.02573         9       640     0.602    0.5325    0.5001    0.2248   0.04711   0.01318 0.0001657
   188/199     3.07G    0.0199  0.005328 0.0001067   0.02534         4       640    0.5617    0.5801    0.4658    0.2242   0.04674   0.01379  0.000205
   189/199     3.07G      0.02  0.005869  0.000136     0.026        11       640    0.5788    0.5801    0.4841    0.2273   0.04689   0.01398 0.0002254
   190/199     3.07G   0.01987  0.005635 0.0001544   0.02566        13       640    0.6094    0.6039    0.5096     0.219   0.04724   0.01367 0.0002139
   191/199     3.07G   0.01947   0.00558 0.0002683   0.02532         7       640    0.6872    0.6255    0.5603     0.212   0.04783   0.01412 0.0002433
   192/199     3.07G   0.01953  0.005631 9.421e-05   0.02526         7       640    0.6544    0.5797    0.4694    0.2174   0.04611   0.01419 0.0002417
   193/199     3.07G   0.01933  0.005904 0.0003731   0.02561         8       640    0.7056     0.685    0.5423    0.2252    0.0472   0.01356 0.0001976
   194/199     3.07G   0.01891  0.005269 8.931e-05   0.02427        13       640    0.6569    0.6948    0.5357     0.234   0.04818   0.01342 0.0001993
   195/199     3.07G    0.0189  0.005744 9.336e-05   0.02474        17       640    0.6557    0.6478    0.5047    0.2454   0.04586   0.01354 0.0002039
   196/199     3.07G    0.0189  0.005663 0.0001282   0.02469        13       640    0.5651    0.6483    0.4938    0.2259   0.04775   0.01362 0.0002133
   197/199     3.07G   0.01954  0.005819  0.000131   0.02549        14       640    0.5979    0.6492    0.5057    0.2215   0.04664   0.01334 0.0002206
   198/199     3.07G   0.01916  0.005589 0.0001641   0.02491        12       640    0.6323    0.6471    0.5193    0.2138   0.04675   0.01331 0.0002672
   199/199     3.07G   0.01927  0.005806  0.000184   0.02526        13       640    0.5526    0.6039    0.4336    0.1957   0.04806   0.01362 0.0002711
