     0/199     1.75G    0.1157   0.03081   0.02909    0.1756        10       800  0.002274    0.2056  0.001411 0.0003732   0.06261   0.01963   0.01931
     1/199     5.18G   0.09873   0.02125   0.01872    0.1387         8       800   0.04998    0.1818   0.02731  0.006378   0.05361    0.0166   0.01789
     2/199     5.18G   0.08263   0.02179   0.01275    0.1172         5       800    0.5653    0.2727    0.0829   0.01746   0.04661   0.01562   0.01346
     3/199     5.18G   0.07112   0.02039  0.007913   0.09943         8       800    0.7278    0.3636    0.2311   0.06106   0.04022   0.01584   0.01115
     4/199     5.18G   0.07032   0.01948    0.0059    0.0957        13       800    0.6931    0.2727    0.2228   0.08161   0.04175   0.01435  0.006424
     5/199     5.18G   0.06561   0.01795  0.003744    0.0873        10       800    0.7675    0.3182    0.4143    0.0903   0.03835   0.01371  0.005425
     6/199     5.18G   0.06325   0.01733  0.003568   0.08415         5       800    0.7993    0.4069    0.4456    0.1318    0.0365   0.01258  0.006853
     7/199     5.18G   0.06172   0.01522  0.002704   0.07965        11       800    0.3977    0.6212    0.4857    0.1358   0.04062   0.01219  0.003941
     8/199     5.18G   0.05878   0.01564  0.002885   0.07731        11       800    0.3667    0.5527    0.3902    0.1173   0.03901   0.01164  0.007691
     9/199     5.18G   0.05787   0.01464  0.002094    0.0746        12       800    0.4154    0.4589    0.3994    0.1483   0.04187   0.01043  0.002933
    10/199     5.18G   0.05563   0.01388  0.002577   0.07209         8       800    0.8999     0.363    0.5162    0.1616   0.04062    0.0123   0.01048
    11/199     5.18G   0.05903   0.01408  0.002202   0.07531        11       800    0.3336    0.5065    0.2977    0.1141   0.04181   0.01115  0.008675
    12/199     5.18G   0.05682   0.01493  0.003056   0.07481         7       800    0.5414    0.5043    0.4332     0.168   0.03828   0.01077  0.003454
    13/199     5.18G   0.05583   0.01361  0.002063    0.0715        10       800    0.5558    0.4351    0.4424    0.1661   0.03798   0.01133  0.005921
    14/199     5.18G   0.05382   0.01295  0.002134    0.0689         4       800     0.328    0.5303    0.3586    0.1333   0.03668   0.01132  0.004036
    15/199     5.18G   0.05245   0.01278  0.001981   0.06721         7       800    0.7587    0.3697    0.4181    0.1283   0.03775    0.0113  0.002457
    16/199     5.18G   0.05296   0.01279  0.002092   0.06784        11       800    0.6713    0.3896     0.313   0.07694   0.04022   0.01068   0.01218
    17/199     5.18G   0.05332   0.01285  0.001786   0.06795         6       800    0.2595    0.4177    0.2741    0.0793   0.04361   0.01075  0.005798
    18/199     5.18G    0.0519   0.01281  0.001863   0.06657        12       800    0.6664    0.5303    0.5475    0.1659   0.03547   0.01129  0.001378
    19/199     5.18G   0.05329   0.01299  0.002133   0.06841        10       800    0.6903    0.4589    0.4744    0.1443   0.03476   0.01063    0.0021
    20/199     5.18G   0.05168   0.01247  0.002349    0.0665         7       800    0.7008    0.5754    0.5804    0.2192   0.04047  0.009667 0.0008071
    21/199     5.18G   0.05191   0.01288  0.002045   0.06684        14       800    0.4671    0.5065    0.4915    0.1171   0.04237   0.01023  0.001215
    22/199     5.18G   0.05246   0.01268  0.002101   0.06724         7       800    0.4102    0.5801     0.394    0.1346   0.03605    0.0116  0.002097
    23/199     5.18G   0.05072   0.01237  0.001687   0.06478         7       800    0.4595     0.458    0.4706     0.122   0.04098   0.01023  0.001543
    24/199     5.18G   0.05331   0.01237  0.001822   0.06751         9       800    0.3766    0.4589    0.4087    0.1132   0.04094   0.01059   0.01022
    25/199     5.18G   0.05101   0.01322  0.001893   0.06613        13       800         1     0.318    0.3953   0.09889   0.04329    0.0121   0.01789
    26/199     5.18G   0.04816   0.01335  0.001865   0.06338        12       800    0.4496    0.4797    0.4727    0.1452   0.03651   0.01104  0.002365
    27/199     5.18G   0.04857   0.01251  0.001539   0.06261        12       800    0.5689    0.5517    0.5363    0.2242   0.03648  0.009978 0.0005526
    28/199     5.18G   0.04907   0.01247  0.001171   0.06271         7       800    0.5325    0.5065     0.535    0.1757    0.0387  0.009528 0.0006628
    29/199     5.18G   0.04562   0.01188  0.001403    0.0589         6       800    0.5122    0.5987    0.5423    0.1716   0.03751   0.01001 0.0005024
    30/199     5.18G   0.04643   0.01274  0.001173   0.06035        13       800    0.5168    0.5291    0.4421    0.1104   0.04119   0.01056  0.005014
    31/199     5.18G   0.04576   0.01192  0.001326   0.05901         9       800    0.6527    0.5541    0.5628    0.1976   0.03368   0.01041  0.001365
    32/199     5.18G   0.04588   0.01153  0.001296   0.05871         6       800    0.6941    0.4372    0.4384    0.1313   0.03685   0.01087  0.004304
    33/199     5.18G   0.04533   0.01177  0.001496    0.0586         7       800     0.715     0.368    0.3924    0.1249    0.0405   0.01137  0.009546
    34/199     5.18G   0.04443   0.01149  0.001131   0.05705         9       800     0.863    0.3636     0.345   0.08569   0.04509   0.01313    0.0184
    35/199     5.18G   0.04541   0.01206  0.001147   0.05861        12       800    0.5614    0.5541    0.5398    0.1577    0.0351    0.0107  0.001053
    36/199     5.18G   0.04359   0.01129  0.001201   0.05607         7       800    0.5626    0.6465    0.5638    0.1815   0.03657   0.01009  0.001465
    37/199     5.18G   0.04491   0.01155   0.00141   0.05787         9       800    0.5702    0.4134    0.4203    0.1075    0.0439   0.01016  0.001398
    38/199     5.18G   0.04471   0.01243   0.00162   0.05876         8       800    0.6863     0.481    0.5003    0.1546   0.04068   0.01059  0.005647
    39/199     5.18G   0.04389   0.01176  0.001233   0.05688        13       800    0.4074    0.5563    0.4073    0.1329    0.0391   0.01039 0.0004739
    40/199     5.18G   0.04189   0.01125  0.001095   0.05424        10       800    0.6938    0.4164    0.5333     0.225    0.0335   0.01138  0.002118
    41/199     5.18G   0.04296   0.01164  0.001527   0.05613         9       800     0.357    0.3658    0.3222   0.09742    0.0459   0.01294   0.02236
    42/199     5.18G   0.04251   0.01133 0.0008739   0.05472         8       800    0.3838    0.5836    0.4887    0.1523    0.0362   0.01073 0.0009221
    43/199     5.18G   0.04302     0.012  0.001322   0.05635         9       800    0.6176    0.4822    0.4381    0.1915   0.03878   0.01036  0.002651
    44/199     5.18G   0.04166   0.01113  0.001119   0.05392        10       800    0.5287     0.487    0.3974    0.1273   0.03862   0.01103  0.001862
    45/199     5.18G   0.04318   0.01187 0.0008224   0.05588        11       800    0.4582    0.4838     0.415     0.144   0.03496   0.01205  0.001304
    46/199     5.18G   0.04079   0.01123  0.001337   0.05335         7       800    0.3766    0.5548    0.3947    0.1986   0.03257   0.01024 0.0004442
    47/199     5.18G   0.04101   0.01061  0.001054   0.05268        14       800    0.5164    0.5303    0.5129    0.1971    0.0343   0.01045 0.0006695
    48/199     5.18G    0.0408   0.01126     0.001   0.05306        13       800    0.5893    0.6921    0.6009    0.2572   0.03322   0.00998 0.0008312
    49/199     5.18G   0.03993   0.01095  0.001105   0.05199        10       800    0.5132    0.5087    0.4469    0.1777   0.03489   0.01054 0.0006261
    50/199     5.18G   0.03906   0.01072 0.0007113   0.05049         8       800    0.6509    0.5325    0.5175     0.214   0.03303  0.009656 0.0004157
    51/199     5.18G   0.03894   0.01088 0.0007261   0.05055         9       800    0.5504    0.5534    0.5218    0.1943   0.03159    0.0111  0.004256
    52/199     5.18G   0.03845   0.01051  0.000905   0.04987         6       800    0.6093     0.671    0.6416    0.1993   0.03235   0.01079 0.0007916
    53/199     5.18G   0.03818   0.01022 0.0005458   0.04895         6       800    0.6153    0.5779    0.5297    0.1521   0.03488   0.01139 0.0007977
    54/199     5.18G    0.0376  0.009708 0.0005656   0.04787        13       800    0.6785    0.4848    0.4929    0.1686   0.03511   0.01113 0.0003966
    55/199     5.18G   0.03686  0.009524 0.0008182   0.04721         6       800    0.5241     0.463    0.4019    0.1399   0.03624   0.01116 0.0006203
    56/199     5.18G   0.03699    0.0104 0.0007049    0.0481        13       800    0.5354    0.5563    0.4965    0.1877   0.03497   0.01087 0.0007052
    57/199     5.18G   0.03736  0.009959 0.0005844    0.0479         6       800     0.641    0.4837     0.509      0.19   0.03339   0.01275 0.0009433
    58/199     5.18G   0.03644   0.01026 0.0008111   0.04752         9       800    0.4799    0.5541    0.4471    0.1716   0.03622   0.01213  0.002215
    59/199     5.18G   0.03594  0.009573   0.00074   0.04626         7       800    0.4532     0.697    0.4998    0.2253   0.03339   0.01104 0.0006986
    60/199     5.18G   0.03655  0.009636 0.0008544   0.04704         8       800    0.6177    0.5087    0.4501     0.167     0.036   0.01203  0.006379
    61/199     5.18G   0.03611  0.009645 0.0005481    0.0463         9       800    0.5603    0.5325    0.4478    0.1747   0.03527   0.01044  0.001092
    62/199     5.18G   0.03686  0.009839 0.0006864   0.04739        10       800    0.5354    0.4372    0.3755    0.1421   0.03722   0.01033 0.0003304
    63/199     5.18G   0.03501  0.009332 0.0005344   0.04488         7       800    0.6357    0.6039    0.4996    0.2335   0.03266   0.01036 0.0004005
    64/199     5.18G   0.03469  0.009163   0.00048   0.04433         8       800    0.5409    0.5563    0.4846    0.1655   0.03399    0.0107 0.0004791
    65/199     5.18G   0.03586  0.009208 0.0004796   0.04554         9       800     0.633    0.5065    0.5045    0.2049   0.03545   0.01085 0.0009721
    66/199     5.18G   0.03449  0.009904 0.0006179   0.04502        15       800     0.573    0.4848    0.4335    0.1798   0.03352   0.01118  0.000423
    67/199     5.18G   0.03367  0.009072 0.0006344   0.04338        10       800    0.6175    0.5889     0.621    0.2108     0.031   0.01132 0.0004155
    68/199     5.18G   0.03436  0.008982 0.0005523    0.0439        13       800    0.4618    0.5801    0.4744    0.1759   0.03501   0.01134 0.0004015
    69/199     5.18G   0.03498  0.009867 0.0005963   0.04544        19       800    0.6861     0.461    0.4398    0.1771   0.03367   0.01117 0.0003866
    70/199     5.18G   0.03422   0.00927 0.0008989   0.04439        11       800     0.694    0.4244    0.4432     0.144   0.03477   0.01174 0.0009827
    71/199     5.18G   0.03478  0.009094 0.0006608   0.04454         7       800    0.6961    0.5303     0.522    0.1896   0.03431    0.0113 0.0006828
    72/199     5.18G   0.03445  0.008683 0.0006151   0.04375        11       800    0.5325    0.4609    0.3933    0.1673   0.03632   0.01195 0.0003554
    73/199     5.18G   0.03375  0.009437 0.0007885   0.04397        13       800    0.6101    0.5563    0.5157    0.1996   0.03536   0.01077 0.0004623
    74/199     5.18G   0.03501  0.009277 0.0005056   0.04479         8       800    0.5881    0.5084    0.4445    0.2076   0.03476   0.01043 0.0007941
    75/199     5.18G   0.03327  0.008762 0.0005194   0.04255         8       800    0.7586     0.461    0.4866    0.1979   0.03653   0.01179 0.0009002
    76/199     5.18G   0.03355   0.00884  0.002119    0.0445         4       800    0.7437    0.4848    0.4831    0.1942   0.03263   0.01173 0.0004499
    77/199     5.18G   0.03317  0.008662 0.0004657    0.0423         8       800    0.5152    0.5303     0.499    0.1959   0.03392   0.01163 0.0005608
    78/199     5.18G   0.03189  0.009264 0.0006681   0.04183         9       800    0.6901     0.623    0.5714    0.2006   0.03642   0.01184 0.0004887
    79/199     5.18G     0.032  0.008685 0.0003866   0.04107         6       800    0.6814    0.5798     0.492     0.198   0.03319   0.01203 0.0005704
    80/199     5.18G   0.03195  0.008689 0.0004565   0.04109        10       800    0.6845    0.5303    0.4586    0.1714   0.03432   0.01257 0.0009397
    81/199     5.18G   0.03106  0.008633 0.0005839   0.04028         5       800    0.8253    0.5779    0.5805    0.2296   0.03251   0.01095 0.0005282
    82/199     5.18G    0.0319  0.008641 0.0003528   0.04089         9       800     0.577    0.5065    0.4785    0.1684   0.03344   0.01145 0.0006446
    83/199     5.18G   0.03105  0.008605 0.0003024   0.03996        12       800    0.5675    0.5325    0.4807    0.1717   0.03592    0.0112 0.0004186
    84/199     5.18G   0.03136  0.008881 0.0004604    0.0407        17       800    0.5081    0.5801    0.4904    0.1809   0.03305   0.01214  0.000408
    85/199     5.18G     0.031  0.008133 0.0006676    0.0398         7       800    0.5812    0.6203    0.5382     0.193   0.03163   0.01175 0.0003466
    86/199     5.18G    0.0304  0.008443 0.0006593   0.03951         9       800    0.6411    0.5435    0.5732    0.2163   0.03225   0.01119 0.0003533
    87/199     5.18G   0.03087  0.008475  0.000463   0.03981        18       800    0.6819    0.5083    0.4844    0.1669   0.03407   0.01174  0.001359
    88/199     5.18G   0.02979  0.008544 0.0003764   0.03871        10       800    0.4578    0.6039     0.453    0.1543   0.03661   0.01114 0.0002631
    89/199     5.18G   0.02945  0.008247 0.0002965   0.03799         6       800    0.5647    0.5563    0.4494    0.1896   0.03509    0.0112 0.0001971
    90/199     5.18G   0.02878  0.008189 0.0003051   0.03728        13       800    0.6125    0.6248    0.5117    0.2061    0.0347   0.01135 0.0002789
    91/199     5.18G    0.0295  0.007644 0.0003842   0.03753         8       800    0.5826     0.461    0.4096    0.1525   0.03575    0.0125 0.0003947
    92/199     5.18G   0.03016  0.008143 0.0003548   0.03866         9       800    0.6986    0.5303    0.5179    0.1973   0.03413   0.01184 0.0004265
    93/199     5.18G   0.03001  0.008326 0.0003789   0.03871         8       800    0.6479    0.5065    0.5323    0.1914   0.03337   0.01178 0.0006775
    94/199     5.18G   0.02911  0.008072  0.000276   0.03745        13       800    0.6381    0.5303    0.5013    0.1675   0.03494   0.01142  0.000399
    95/199     5.18G   0.03008  0.008277 0.0005679   0.03893        14       800    0.5376    0.5087    0.4527    0.1833   0.03381   0.01199 0.0007292
    96/199     5.18G   0.02905  0.007722 0.0003385   0.03711        11       800    0.6158    0.5086    0.4737    0.1885   0.03388   0.01158  0.000446
    97/199     5.18G   0.02841  0.008317 0.0004496   0.03718         6       800    0.6168    0.5087    0.5131    0.2213   0.03248   0.01145 0.0002838
    98/199     5.18G   0.02863  0.007773 0.0003297   0.03673         7       800    0.6195    0.6039    0.5417    0.2085    0.0341   0.01166 0.0002902
    99/199     5.18G   0.02834  0.007757 0.0004521   0.03654         6       800    0.6347     0.556    0.5213    0.2208   0.03458    0.0112 0.0002549
   100/199     5.18G    0.0286   0.00785 0.0003545    0.0368        12       800    0.6182    0.5083    0.5153     0.202   0.03526   0.01129 0.0002383
   101/199     5.18G    0.0287  0.008216 0.0004213   0.03734         4       800    0.6093    0.5562    0.5142    0.1832   0.03589   0.01147 0.0003368
   102/199     5.18G    0.0277  0.007745 0.0003139   0.03576        18       800    0.6839    0.5087    0.5313    0.2282   0.03401   0.01166 0.0002868
   103/199     5.18G   0.02813  0.007328 0.0004924   0.03595         9       800    0.6591    0.5325    0.5488    0.2239    0.0324   0.01134 0.0002883
   104/199     5.18G   0.02796  0.007826 0.0003602   0.03615        10       800     0.675    0.5085    0.4908    0.2016   0.03241    0.0124 0.0003502
   105/199     5.18G    0.0271  0.008016 0.0002968   0.03541        11       800    0.7069    0.4848    0.5158    0.2133   0.03399   0.01318 0.0005553
   106/199     5.18G   0.02697  0.007759 0.0004646   0.03519        10       800    0.6378    0.5801    0.4888     0.186   0.03447   0.01235 0.0003609
   107/199     5.18G   0.02708  0.007379   0.00034    0.0348        15       800    0.6853    0.4848    0.4797    0.2202   0.03331   0.01325  0.000794
   108/199     5.18G    0.0262  0.007931 0.0004594   0.03459         6       800     0.715    0.4839    0.4571    0.2017   0.03387   0.01251  0.001266
   109/199     5.18G   0.02695  0.007761 0.0002406   0.03495        13       800    0.6311    0.5325    0.4868    0.1979   0.03414   0.01263  0.000792
   110/199     5.18G   0.02733  0.007996 0.0002792    0.0356         9       800    0.6402    0.6015    0.5593    0.1985   0.03233   0.01254 0.0003754
   111/199     5.18G   0.02612  0.007363 0.0003369   0.03383         8       800    0.5993    0.5779    0.5217    0.1785   0.03474   0.01261 0.0003254
   112/199     5.18G   0.02561  0.007694 0.0002257   0.03353        12       800    0.5568    0.5953    0.4977    0.1914   0.03347   0.01264 0.0005218
   113/199     5.18G   0.02609   0.00741 0.0002393   0.03374        11       800    0.8186    0.4608    0.5391    0.2061   0.03304   0.01304 0.0004988
   114/199     5.18G   0.02654   0.00749 0.0002295   0.03426        11       800    0.6443    0.5777     0.517    0.2228   0.03272   0.01264 0.0004448
   115/199     5.18G    0.0265  0.007629 0.0002936   0.03442         7       800    0.7304    0.5779    0.5292     0.214   0.03371   0.01209 0.0003281
   116/199     5.18G   0.02526  0.007538 0.0004375   0.03323         9       800    0.7738    0.5302    0.5357    0.2283   0.03221   0.01205 0.0001871
   117/199     5.18G    0.0258  0.007314 0.0003462   0.03346         9       800    0.6027    0.5325    0.4853    0.2193   0.03234   0.01233 0.0001836
   118/199     5.18G   0.02516  0.006983 0.0004467   0.03259         9       800    0.6206    0.5325    0.5168    0.2403   0.03268   0.01239 0.0003017
   119/199     5.18G     0.026  0.007235 0.0004066   0.03364         8       800    0.6754    0.4827    0.5091    0.1892   0.03329   0.01286 0.0003512
   120/199     5.18G    0.0244  0.007342 0.0002467   0.03199         5       800    0.5771    0.5562    0.4624    0.2152   0.03161   0.01236 0.0005318
   121/199     5.18G   0.02521  0.007311 0.0002394   0.03277         8       800      0.65    0.4848    0.4908    0.1735   0.03347   0.01301 0.0006407
   122/199     5.18G   0.02499  0.006911 0.0002322   0.03214         5       800    0.7824    0.5984    0.6516     0.223   0.03339   0.01232 0.0006096
   123/199     5.18G   0.02523  0.007033 0.0002082   0.03247         8       800    0.4995     0.611     0.556    0.1986   0.03312   0.01345 0.0003758
   124/199     5.18G   0.02492  0.007103 0.0002725    0.0323        12       800    0.5711    0.6008    0.5057    0.2186   0.03357   0.01326 0.0003693
   125/199     5.18G    0.0251  0.007216 0.0002122   0.03253         7       800    0.6147    0.5087    0.4929    0.2023   0.03321   0.01326  0.000544
   126/199     5.18G   0.02411  0.006827 0.0003127   0.03125        14       800    0.5343    0.5087    0.5114    0.2081   0.03287   0.01423 0.0005518
   127/199     5.18G   0.02381  0.007048 0.0002197   0.03107         9       800    0.7309     0.461    0.4933    0.2084   0.03395   0.01375  0.000467
   128/199     5.18G     0.024  0.006945 0.0003268   0.03127        11       800    0.7297    0.5087    0.5027    0.2023   0.03385   0.01383 0.0002182
   129/199     5.18G    0.0244  0.006945 0.0004466   0.03179         8       800    0.6792    0.4848    0.4969    0.2143   0.03324   0.01283 0.0002773
   130/199     5.18G   0.02377  0.007273 0.0002011   0.03124        10       800    0.7827    0.5949    0.5956    0.2216   0.03195   0.01321 0.0002793
   131/199     5.18G   0.02401  0.006649 0.0002196   0.03088        11       800    0.7284    0.4847    0.5286    0.2035   0.03255   0.01234  0.000214
   132/199     5.18G   0.02321  0.007213 0.0003016   0.03072        12       800    0.5623    0.6725    0.5467    0.2112   0.03328   0.01219  0.000264
   133/199     5.18G   0.02297  0.006801 0.0002091   0.02998        10       800    0.5606    0.5801    0.5515    0.2263   0.03277   0.01311 0.0003318
   134/199     5.18G   0.02421  0.007025  0.000291   0.03152         7       800    0.7562    0.5324    0.5499    0.2331   0.03235   0.01263 0.0004328
   135/199     5.18G   0.02312  0.006973 0.0002117   0.03031         9       800    0.7466    0.5325    0.5583    0.2386   0.03202   0.01293 0.0003401
   136/199     5.18G   0.02257  0.006342 0.0001922    0.0291         6       800    0.7755    0.5085    0.5404    0.2456   0.03239   0.01221 0.0003085
   137/199     5.18G   0.02238    0.0065 0.0002264   0.02911        12       800    0.6954    0.5325    0.5559    0.2356   0.03303   0.01274 0.0002477
   138/199     5.18G   0.02362  0.007217 0.0002275   0.03106        11       800    0.7522    0.5541    0.5453    0.2192   0.03262    0.0133 0.0003026
   139/199     5.18G   0.02262  0.006832 0.0002184   0.02967         9       800    0.7065    0.5497    0.5228    0.2383    0.0327   0.01306 0.0004111
   140/199     5.18G   0.02213  0.006627 0.0001669   0.02892        10       800    0.7482    0.5303    0.5182    0.2117    0.0331   0.01361 0.0003756
   141/199     5.18G   0.02221  0.006822 0.0001962   0.02923        15       800    0.6267    0.5995    0.5491    0.2202   0.03311   0.01314  0.000249
   142/199     5.18G   0.02201  0.006555 0.0001446   0.02871         6       800    0.8444    0.5541    0.6223    0.2414   0.03271   0.01305 0.0002659
   143/199     5.18G   0.02274  0.007205 0.0002062   0.03015         9       800    0.7058    0.5704    0.5556    0.2271   0.03275    0.0134 0.0003636
   144/199     5.18G   0.02234  0.006413 0.0002057   0.02896         9       800    0.8056    0.4848    0.5403    0.2083   0.03296   0.01291 0.0003765
   145/199     5.18G   0.02128  0.006617 0.0002272   0.02812        11       800    0.8735    0.4847     0.518    0.1947   0.03406   0.01305 0.0004854
   146/199     5.18G   0.02094  0.006169  0.000167   0.02727         5       800    0.6218    0.5563    0.5112    0.2237   0.03438   0.01233 0.0006223
   147/199     5.18G   0.02115  0.006316 0.0001379    0.0276         6       800    0.7287    0.5087    0.4868    0.2108   0.03541   0.01224 0.0004303
   148/199     5.18G   0.02167    0.0067  0.000258   0.02863         9       800    0.7424    0.5085    0.4694    0.1944   0.03569   0.01265 0.0006586
   149/199     5.18G   0.02187  0.006292 0.0002353    0.0284        17       800     0.837    0.4848    0.5074    0.2013   0.03428   0.01223 0.0008219
   150/199     5.18G   0.02135   0.00605  0.000153   0.02755         6       800    0.6088    0.6277    0.5183     0.224   0.03286   0.01297 0.0007168
   151/199     5.18G    0.0218  0.006102 0.0001864   0.02809        13       800    0.6452    0.5779    0.5262    0.2185    0.0331   0.01333   0.00041
   152/199     5.18G   0.02124   0.00633 0.0002249    0.0278         7       800    0.7506    0.6017    0.5623    0.2182   0.03323   0.01351 0.0004238
   153/199     5.18G   0.02129  0.006383 0.0002275    0.0279         8       800    0.6243    0.6033      0.49    0.1793   0.03347   0.01344 0.0005164
   154/199     5.18G   0.02139  0.006316 0.0002364   0.02794         8       800    0.7951    0.5541    0.5295    0.2174   0.03397   0.01303 0.0006293
   155/199     5.18G    0.0217  0.006129 0.0003904   0.02822         8       800     0.767    0.6016    0.6034    0.2405   0.03262   0.01319 0.0004794
   156/199     5.18G   0.02096  0.005953 0.0002865    0.0272        11       800    0.7348    0.5086     0.505    0.2234   0.03218   0.01321 0.0003921
   157/199     5.18G   0.02155  0.006641 0.0003391   0.02853         9       800    0.7643    0.4848    0.4599    0.2109   0.03365    0.0129 0.0003517
   158/199     5.18G   0.02111  0.006344 0.0001834   0.02764        10       800    0.7298    0.5779    0.5432    0.2034   0.03385   0.01327 0.0002704
   159/199     5.18G   0.02118  0.006529  0.000281   0.02799        10       800    0.7551    0.5325    0.4819    0.2059   0.03318    0.0135 0.0001878
   160/199     5.18G   0.02047  0.006212 0.0001762   0.02686        12       800    0.7538    0.6234    0.6015    0.2298   0.03215    0.0133 0.0002373
   161/199     5.18G   0.02016  0.006066  0.000142   0.02637        10       800     0.681    0.5325    0.4955    0.2125   0.03238   0.01358 0.0002723
   162/199     5.18G   0.01975  0.006204 0.0001363   0.02609        10       800    0.7511    0.4848    0.4661    0.2002   0.03242   0.01408 0.0003692
   163/199     5.18G   0.02082  0.006196  0.000127   0.02715         9       800    0.7585    0.5087    0.5196    0.2199   0.03281   0.01344 0.0003076
   164/199     5.18G   0.01983  0.006208 0.0001477   0.02618         7       800    0.7583    0.5779    0.5668    0.2262     0.033   0.01405 0.0003273
   165/199     5.18G   0.02022  0.006085   0.00034   0.02664        11       800    0.7467    0.5778    0.5458    0.2187   0.03392   0.01422 0.0005444
   166/199     5.18G   0.01955  0.005712 0.0001335    0.0254         5       800    0.6706    0.5085    0.4902    0.2091   0.03352   0.01404 0.0004563
   167/199     5.18G   0.01973  0.006264 0.0002168   0.02621        16       800    0.7102    0.5324    0.4882    0.2075   0.03351   0.01387 0.0003948
   168/199     5.18G   0.01963  0.005856 0.0001154    0.0256        10       800    0.7178    0.5086     0.465    0.2087   0.03316   0.01386 0.0004926
   169/199     5.18G    0.0195  0.005644 0.0001543    0.0253        13       800    0.7819    0.5303    0.5194    0.2146   0.03348   0.01351 0.0004499
   170/199     5.18G   0.02093  0.006217 0.0001391   0.02728        19       800    0.6455    0.5325    0.4638    0.2035   0.03335   0.01394 0.0003701
   171/199     5.18G   0.01955  0.006017  0.000163   0.02573        10       800    0.6933    0.5086     0.458    0.1774   0.03383   0.01383 0.0002861
   172/199     5.18G   0.01989  0.006003   0.00012   0.02602        10       800    0.6918    0.5563    0.4711    0.1812   0.03422   0.01318 0.0002772
   173/199     5.18G   0.01959  0.006249 0.0001226   0.02596        10       800    0.7578    0.6472    0.6135     0.211   0.03295   0.01362 0.0003842
   174/199     5.18G   0.01901  0.005878 0.0001503   0.02503        14       800    0.7645    0.6234     0.585    0.2155   0.03354   0.01432 0.0003958
   175/199     5.18G   0.01965  0.005668 0.0001298   0.02545         6       800    0.7499    0.5325    0.5095    0.2026   0.03305   0.01422 0.0003186
   176/199     5.18G    0.0201  0.006135 0.0001467   0.02638         9       800    0.7675    0.5541    0.5592    0.2204   0.03314   0.01424 0.0005057
   177/199     5.18G   0.01945  0.006243 0.0001579   0.02585        13       800     0.741    0.6017    0.5652    0.2173   0.03294    0.0144 0.0005161
   178/199     5.18G   0.01899   0.00618 0.0001305    0.0253        10       800    0.7164    0.5324    0.5058    0.2121   0.03297   0.01426 0.0005283
   179/199     5.18G   0.01948   0.00613 0.0001257   0.02574        14       800    0.7591    0.5325    0.5087    0.2142   0.03324   0.01413 0.0004445
   180/199     5.18G   0.01995   0.00606 0.0001259   0.02613         5       800     0.698    0.5325    0.4804    0.1965   0.03286   0.01411 0.0004956
   181/199     5.18G   0.01862  0.005816 0.0001119   0.02454         6       800    0.7785    0.5779    0.5708    0.2129   0.03311   0.01382 0.0003964
   182/199     5.18G   0.01948   0.00594 0.0001506   0.02557         7       800    0.6892    0.5779    0.5783    0.2228   0.03268   0.01327 0.0003051
   183/199     5.18G   0.01847  0.005535   0.00018   0.02418        12       800    0.6964    0.5801    0.5545     0.232   0.03262    0.0127 0.0002805
   184/199     5.18G   0.01913  0.005892 0.0001141   0.02513        13       800    0.7175    0.5801    0.5542     0.235   0.03245   0.01286 0.0002829
   185/199     5.18G   0.01925  0.005747 0.0001171   0.02511         8       800    0.7292    0.5801    0.5708    0.2255   0.03228   0.01297 0.0003808
   186/199     5.18G    0.0183  0.005776 0.0001503   0.02422        16       800    0.6828    0.5562    0.5522    0.2366   0.03285   0.01375 0.0004394
   187/199     5.18G   0.01837  0.006191 0.0001251   0.02469        10       800    0.6934    0.5562    0.5132    0.2319   0.03287   0.01363 0.0003669
   188/199     5.18G   0.01884   0.00583 0.0001016   0.02477         8       800    0.7508    0.5562    0.5282    0.2175   0.03317   0.01344 0.0003307
   189/199     5.18G   0.01839  0.005878 0.0001648   0.02443         6       800     0.754    0.6014    0.5822    0.2127   0.03354   0.01388  0.000382
   190/199     5.18G   0.01867  0.005937 0.0001024   0.02471        14       800    0.8176    0.5779    0.5661    0.2376   0.03246   0.01385 0.0003457
   191/199     5.18G   0.01788  0.005551 0.0001157   0.02355         7       800    0.6325    0.6039    0.5484    0.2432   0.03208   0.01344 0.0003191
   192/199     5.18G    0.0185  0.005725 0.0001355   0.02436        12       800    0.6831    0.5563    0.5303     0.236   0.03251   0.01376 0.0003514
   193/199     5.18G   0.01825  0.005658 0.0002124   0.02412        11       800    0.6262    0.6033    0.5185    0.2321   0.03263   0.01392 0.0003443
   194/199     5.18G   0.01838  0.005822 0.0001044   0.02431        14       800    0.7073    0.5563    0.5347    0.2182   0.03327   0.01329 0.0002946
   195/199     5.18G   0.01838  0.005738 0.0001263   0.02425        15       800    0.6788    0.5563    0.5327    0.2243   0.03371   0.01347  0.000275
   196/199     5.18G   0.01863  0.006103 0.0001028   0.02484        13       800    0.7536    0.5541    0.5422    0.2128   0.03428   0.01424 0.0002269
   197/199     5.18G   0.01875  0.005723  0.000101   0.02458         7       800    0.7889    0.5541    0.5536    0.2141   0.03334   0.01404 0.0002553
   198/199     5.18G   0.01854  0.006088 0.0001545   0.02478         8       800      0.71    0.5323    0.4698    0.2038   0.03323   0.01461 0.0002571
   199/199     5.18G   0.01862  0.005984   0.00016   0.02477        12       800    0.7305    0.5087     0.489    0.2228    0.0328   0.01377  0.000321
