     0/199     1.63G   0.09723  0.009322         0    0.1066        12       416    0.9801    0.2727    0.3203   0.09657   0.06258   0.01146         0
     1/199      1.3G   0.06699  0.008854         0   0.07585         9       416    0.9859    0.3636    0.5326    0.1707    0.0597   0.01065         0
     2/199      1.3G   0.06454  0.008081         0   0.07262        10       416    0.5439    0.5455    0.4391    0.1021   0.05911   0.01079         0
     3/199      1.3G   0.06537  0.007607         0   0.07297        13       416    0.1994    0.2727   0.07155   0.02154   0.07604  0.008272         0
     4/199      1.3G   0.06799  0.007839         0   0.07583        16       416    0.2776    0.4545    0.3085    0.1069   0.06049  0.008868         0
     5/199      1.3G   0.06627  0.007291         0   0.07356         7       416    0.8331    0.4539    0.4934    0.1837    0.0566  0.009143         0
     6/199      1.3G   0.06411   0.00729         0    0.0714        13       416    0.2728    0.4545    0.2579   0.06994   0.06224  0.009361         0
     7/199      1.3G   0.06235  0.007287         0   0.06964        12       416    0.3666    0.6364    0.3899     0.134   0.05215  0.009207         0
     8/199      1.3G   0.06053  0.007043         0   0.06758         7       416    0.4059    0.6364    0.4228     0.148   0.05805  0.008743         0
     9/199      1.3G   0.05939  0.006815         0    0.0662         8       416    0.9992    0.4545    0.4705    0.1972   0.05825  0.008827         0
    10/199      1.3G   0.05823  0.006884         0   0.06511        14       416    0.2074    0.4545    0.1795   0.04973   0.05983  0.008499         0
    11/199      1.3G   0.05867  0.006864         0   0.06554         7       416         1    0.4544    0.5592     0.196   0.05166  0.008829         0
    12/199      1.3G   0.05625  0.006901         0   0.06315         8       416         1    0.5444      0.61    0.1764   0.05738  0.007701         0
    13/199      1.3G   0.05628   0.00658         0   0.06286        10       416    0.7106    0.4545      0.42    0.2084   0.05489  0.008267         0
    14/199      1.3G   0.05652  0.006587         0    0.0631        11       416     0.749     0.543    0.5794    0.1291    0.0626  0.007443         0
    15/199      1.3G    0.0543  0.006537         0   0.06084        15       416         1    0.6356    0.6891    0.2716    0.0499  0.007753         0
    16/199      1.3G   0.05404  0.006254         0   0.06029        12       416    0.9961    0.4545    0.5421    0.2272   0.05453  0.007779         0
    17/199      1.3G   0.05518  0.006308         0   0.06149         9       416    0.9951    0.4545     0.524    0.2153   0.05298   0.00842         0
    18/199      1.3G   0.05392  0.006401         0   0.06032        13       416    0.9999    0.4545     0.571    0.1433   0.05609  0.007368         0
    19/199      1.3G   0.05366   0.00631         0   0.05997        12       416    0.9995    0.5455    0.6343    0.2969   0.05001  0.007684         0
    20/199      1.3G   0.05275  0.006262         0   0.05901        12       416         1    0.4542    0.5705    0.1651   0.06064  0.006584         0
    21/199      1.3G   0.05277  0.006148         0   0.05892        13       416    0.7143    0.4545     0.523    0.1849   0.06084  0.006334         0
    22/199      1.3G   0.05269  0.006351         0   0.05904         9       416    0.7499    0.5453    0.5989    0.2593   0.05199  0.006418         0
    23/199      1.3G     0.052  0.006176         0   0.05817        12       416    0.7139    0.4539    0.4739    0.2167   0.05213  0.006817         0
    24/199      1.3G   0.05213  0.006036         0   0.05816         8       416     0.666    0.7273    0.7354    0.2532   0.04801  0.007023         0
    25/199      1.3G   0.05199  0.006199         0   0.05819        12       416    0.7477    0.5455    0.5801     0.225   0.05108  0.007586         0
    26/199      1.3G   0.05055  0.006169         0   0.05672        11       416    0.8871    0.7273      0.71    0.2441   0.05284  0.007032         0
    27/199      1.3G   0.05143   0.00593         0   0.05736        11       416    0.9991    0.5455    0.7028    0.2421   0.05248  0.007179         0
    28/199      1.3G   0.05068   0.00607         0   0.05675        14       416    0.8709    0.6364    0.6813    0.2781   0.05047  0.007597         0
    29/199      1.3G   0.05043  0.006005         0   0.05644        10       416    0.7986    0.7273    0.6631    0.2562   0.05085  0.006871         0
    30/199      1.3G    0.0507  0.006096         0   0.05679         6       416    0.9992    0.5455    0.6391    0.2189    0.0551  0.006988         0
    31/199      1.3G   0.04988  0.005979         0   0.05586        13       416    0.7272     0.727    0.6615    0.2504   0.04892  0.007368         0
    32/199      1.3G   0.05016  0.006096         0   0.05626        13       416    0.6983    0.6364     0.682    0.2397   0.05078  0.007286         0
    33/199      1.3G   0.04978  0.005971         0   0.05576        18       416    0.7735    0.6364    0.6067    0.2467   0.05093  0.007369         0
    34/199      1.3G    0.0499  0.005985         0   0.05589        10       416    0.7999    0.7273    0.6867    0.2533   0.04737  0.007241         0
    35/199      1.3G    0.0497  0.005909         0   0.05561         5       416     0.874    0.6364    0.7323    0.3368   0.04603  0.007226         0
    36/199      1.3G   0.04825  0.006014         0   0.05426        13       416         1    0.7236    0.7668    0.3296   0.04515  0.007608         0
    37/199      1.3G   0.04881  0.005878         0   0.05469         8       416     0.818    0.8182    0.8164    0.2923   0.04699  0.007039         0
    38/199      1.3G   0.04869  0.005973         0   0.05466         8       416    0.8567    0.5455    0.5667    0.2075   0.05063  0.006318         0
    39/199      1.3G   0.04821  0.006015         0   0.05422        17       416    0.9994    0.5455    0.6031    0.2246   0.05115  0.006917         0
    40/199      1.3G    0.0487  0.005917         0   0.05462        18       416         1    0.8175    0.8285    0.3015   0.04782  0.006777         0
    41/199      1.3G   0.04748  0.005773         0   0.05325         8       416    0.9999    0.8182     0.834     0.271    0.0507  0.006434         0
    42/199      1.3G   0.04768   0.00581         0   0.05349         9       416    0.8741    0.6364    0.6843    0.3339   0.04412  0.006565         0
    43/199      1.3G   0.04841  0.005979         0   0.05439         8       416         1     0.545    0.7082    0.2999   0.04853  0.006308         0
    44/199      1.3G   0.04775  0.005788         0   0.05354        13       416    0.8998    0.8182    0.8706    0.3534   0.03965  0.007488         0
    45/199      1.3G   0.04783  0.005797         0   0.05363         9       416    0.9989    0.7273    0.7432    0.2822   0.04828  0.007057         0
    46/199      1.3G   0.04722  0.005634         0   0.05286         5       416    0.7496    0.5455    0.5697     0.234   0.04958  0.007605         0
    47/199      1.3G   0.04656  0.005817         0   0.05237        12       416         1    0.5428    0.6114     0.301   0.05219   0.00602         0
    48/199      1.3G   0.04661  0.005954         0   0.05256        13       416         1    0.6347    0.7404    0.3122   0.04688  0.006527         0
    49/199      1.3G   0.04683  0.005675         0   0.05251        15       416    0.6363    0.6363    0.5776    0.2875   0.04798  0.006845         0
    50/199      1.3G   0.04648  0.005678         0   0.05215        15       416    0.7985    0.7273    0.7459    0.3135   0.04699  0.006881         0
    51/199      1.3G   0.04556  0.005728         0   0.05128        14       416         1    0.6364    0.6963    0.2779   0.04559  0.007372         0
    52/199      1.3G   0.04578  0.005761         0   0.05154        14       416    0.6999     0.636    0.6249    0.2827   0.04365  0.006821         0
    53/199      1.3G   0.04581  0.005701         0   0.05151         8       416    0.8556    0.5455     0.688    0.2677   0.04852  0.006292         0
    54/199      1.3G   0.04647  0.005609         0   0.05208        15       416    0.8568    0.5455     0.602    0.2704   0.04608  0.007014         0
    55/199      1.3G   0.04538  0.005618         0     0.051        11       416         1    0.7272    0.8203    0.3312   0.04614  0.006199         0
    56/199      1.3G   0.04507  0.005545         0   0.05062        15       416    0.7776    0.6364    0.6604    0.2848   0.04912  0.006192         0
    57/199      1.3G   0.04565  0.005695         0   0.05134        12       416    0.7775    0.6364    0.6365    0.3013   0.04455  0.006357         0
    58/199      1.3G   0.04538   0.00558         0   0.05096        11       416    0.6998    0.6364    0.5667    0.2739   0.04736  0.006154         0
    59/199      1.3G   0.04536  0.005482         0   0.05084        11       416     0.856    0.5455    0.5911    0.2809   0.04432  0.007287         0
    60/199      1.3G   0.04544  0.005447         0   0.05088        12       416    0.8888    0.7268    0.7519    0.3057   0.04421  0.006885         0
    61/199      1.3G   0.04552  0.005741         0   0.05126        10       416    0.8569    0.5455    0.5861     0.261   0.04497  0.006562         0
    62/199      1.3G   0.04469  0.005706         0   0.05039        10       416         1    0.9088    0.9054    0.3678   0.04497  0.006015         0
    63/199      1.3G   0.04411   0.00544         0   0.04955        15       416    0.8568    0.5455    0.6085     0.264   0.04587  0.006237         0
    64/199      1.3G   0.04461  0.005571         0   0.05019         9       416    0.9088    0.9091    0.8831    0.3252   0.04502  0.006331         0
    65/199      1.3G   0.04482  0.005363         0   0.05018        15       416    0.7997    0.7273    0.7501    0.3085   0.04766  0.006326         0
    66/199      1.3G   0.04461  0.005574         0   0.05018        14       416    0.8328    0.9091    0.8816    0.3094   0.04766  0.006208         0
    67/199      1.3G   0.04463  0.005574         0    0.0502        13       416    0.7776    0.6364      0.58    0.2546   0.04762  0.006761         0
    68/199      1.3G   0.04374  0.005484         0   0.04922        12       416    0.8181    0.8182    0.7988    0.3679     0.043  0.006559         0
    69/199      1.3G   0.04412  0.005465         0   0.04958         7       416    0.8998    0.8168    0.8035    0.3269   0.04834  0.006014         0
    70/199      1.3G   0.04415   0.00559         0   0.04974         8       416     0.888    0.7273    0.7299    0.3236    0.0453  0.006509         0
    71/199      1.3G   0.04386  0.005412         0   0.04928        13       416     0.799    0.7273    0.7617    0.2733    0.0456  0.006951         0
    72/199      1.3G    0.0438  0.005469         0   0.04927        13       416         1    0.6361    0.7582    0.2734   0.05245  0.005846         0
    73/199      1.3G   0.04367  0.005557         0   0.04923        15       416         1    0.9089    0.9055    0.3375   0.04434  0.006715         0
    74/199      1.3G   0.04323  0.005478         0   0.04871        12       416    0.9992    0.6364    0.7464    0.3024   0.04839   0.00645         0
    75/199      1.3G   0.04251  0.005388         0    0.0479         5       416         1    0.6359    0.7312    0.3175   0.04322  0.007047         0
    76/199      1.3G   0.04253  0.005404         0   0.04793        11       416    0.8179    0.8182    0.7997    0.3275   0.04125  0.006856         0
    77/199      1.3G   0.04258  0.005361         0   0.04794        16       416         1    0.7268    0.7537    0.3341   0.04429  0.006793         0
    78/199      1.3G   0.04212  0.005209         0   0.04733         7       416         1    0.9091    0.9056     0.341   0.04414  0.006839         0
    79/199      1.3G   0.04363  0.005526         0   0.04915        15       416         1     0.727    0.8226    0.3163   0.04301  0.006528         0
    80/199      1.3G    0.0421  0.005422         0   0.04752         8       416    0.8179    0.8168    0.7893    0.3486   0.04554  0.006641         0
    81/199      1.3G   0.04246   0.00546         0   0.04792        14       416    0.8178    0.8182    0.7715      0.35   0.04294  0.006139         0
    82/199      1.3G   0.04232  0.005224         0   0.04755         8       416    0.8889    0.7272    0.7632    0.2712   0.04729  0.006521         0
    83/199      1.3G   0.04248   0.00543         0   0.04791        13       416    0.8179    0.8168    0.7392    0.3192   0.04204  0.006458         0
    84/199      1.3G   0.04276  0.005392         0   0.04816         8       416    0.9993    0.6364    0.7443    0.2745   0.05004  0.006091         0
    85/199      1.3G   0.04181  0.005299         0    0.0471        10       416    0.9995    0.7273    0.7991    0.3209   0.04637  0.005804         0
    86/199      1.3G   0.04211  0.005328         0   0.04744        10       416    0.9997    0.6364    0.7134    0.2781   0.04657  0.006487         0
    87/199      1.3G   0.04143  0.005366         0   0.04679        11       416    0.8888    0.7267    0.7694    0.3273   0.04352  0.006609         0
    88/199      1.3G   0.04223  0.005355         0   0.04758        11       416    0.8885    0.7273    0.7355     0.357   0.04266   0.00639         0
    89/199      1.3G   0.04183  0.005323         0   0.04716        10       416    0.7998    0.7273     0.751     0.376   0.04165  0.006549         0
    90/199      1.3G   0.04115    0.0055         0   0.04665         8       416         1    0.6358    0.7519    0.3656   0.04309  0.007042         0
    91/199      1.3G   0.04104  0.005237         0   0.04627        10       416    0.8876    0.7273    0.7867     0.317   0.04462  0.006419         0
    92/199      1.3G   0.04083  0.005353         0   0.04619        12       416         1    0.8182    0.8906    0.3516   0.04183  0.006509         0
    93/199      1.3G   0.04086  0.005286         0   0.04614         9       416    0.8886    0.7273    0.7829    0.3388   0.04547  0.006622         0
    94/199      1.3G   0.04082  0.005287         0   0.04611        12       416    0.8886    0.7273    0.7694    0.3126   0.04571  0.006748         0
    95/199      1.3G   0.04094  0.005303         0   0.04624        17       416    0.8887    0.7273    0.7729    0.3602   0.04075  0.006111         0
    96/199      1.3G   0.04084  0.005362         0   0.04621        15       416    0.8166    0.8182    0.7974     0.331   0.04401  0.006648         0
    97/199      1.3G   0.04092   0.00522         0   0.04614         9       416    0.9998    0.8182    0.8755    0.4116   0.04103  0.006749         0
    98/199      1.3G   0.04031  0.005196         0   0.04551        11       416    0.8884    0.7273     0.739    0.2805   0.04589  0.006654         0
    99/199      1.3G   0.03995   0.00515         0    0.0451        13       416    0.9091    0.9088    0.9039    0.3835     0.041  0.006087         0
   100/199      1.3G   0.04048  0.005182         0   0.04567        16       416    0.7774    0.6364    0.6063     0.285   0.04494  0.006446         0
   101/199      1.3G   0.03976  0.005085         0   0.04484        11       416    0.7998    0.7273    0.6945    0.3198   0.04322   0.00649         0
   102/199      1.3G   0.03968  0.005019         0    0.0447        13       416    0.8886    0.7273    0.7594    0.3352   0.04395  0.006348         0
   103/199      1.3G   0.03922   0.00533         0   0.04455        15       416    0.9966    0.5455    0.6516    0.3158   0.04716  0.006288         0
   104/199      1.3G   0.03987  0.005163         0   0.04503         7       416    0.7775    0.6364    0.6264    0.3143   0.04332  0.006223         0
   105/199      1.3G   0.03968  0.004995         0   0.04468        14       416         1    0.8181    0.8366    0.3117   0.04342  0.006631         0
   106/199      1.3G   0.03966  0.005194         0   0.04485        15       416         1    0.8181    0.8393    0.3398     0.043  0.006454         0
   107/199      1.3G   0.03976   0.00534         0    0.0451        19       416    0.9982    0.5455    0.6363    0.3013   0.04424  0.006535         0
   108/199      1.3G   0.03908  0.005208         0   0.04429        14       416    0.7772    0.6364    0.5514    0.2521   0.04583  0.006768         0
   109/199      1.3G   0.03877  0.005134         0    0.0439        11       416     0.875    0.6363    0.5917    0.2629   0.04622  0.006298         0
   110/199      1.3G   0.03837  0.005025         0   0.04339        12       416    0.9994    0.7273    0.7746     0.298   0.04311   0.00713         0
   111/199      1.3G   0.03812   0.00507         0   0.04319        13       416     0.875    0.6363    0.5809      0.28   0.04451  0.006747         0
   112/199      1.3G   0.03903  0.004995         0   0.04402         7       416    0.7999     0.727    0.7474    0.3506   0.04442  0.006831         0
   113/199      1.3G   0.03836  0.005164         0   0.04352        18       416    0.9997    0.8182    0.8341    0.3189   0.04444   0.00675         0
   114/199      1.3G   0.03863  0.005165         0    0.0438        13       416    0.9997    0.7273    0.7406    0.3283   0.04351  0.006708         0
   115/199      1.3G   0.03836  0.005072         0   0.04344        11       416    0.9986    0.7273    0.7593    0.3427   0.04003  0.006587         0
   116/199      1.3G    0.0376  0.005001         0    0.0426         8       416    0.8749    0.6364    0.5767    0.3028    0.0416  0.007171         0
   117/199      1.3G   0.03799  0.004957         0   0.04295         7       416    0.8887    0.7273    0.7053    0.2494   0.04244  0.007324         0
   118/199      1.3G   0.03792  0.005046         0   0.04296        10       416    0.8885    0.7273    0.7425    0.3167   0.04455  0.006541         0
   119/199      1.3G   0.03818  0.005086         0   0.04327        13       416    0.9991    0.7273    0.7879    0.3392   0.04559  0.006157         0
   120/199      1.3G   0.03698  0.004924         0   0.04191        10       416    0.8887    0.7273    0.7435    0.3362   0.04326  0.006239         0
   121/199      1.3G   0.03735  0.005012         0   0.04237        14       416       0.9    0.8181    0.7525    0.3319   0.04458    0.0055         0
   122/199      1.3G   0.03839  0.004985         0   0.04337        10       416       0.9     0.818    0.7797     0.318   0.04268  0.005981         0
   123/199      1.3G   0.03746  0.005051         0   0.04251        14       416    0.7775    0.6364    0.5708    0.2993   0.04022  0.006142         0
   124/199      1.3G   0.03767  0.004983         0   0.04265        17       416       0.8    0.7271    0.6281    0.2957   0.04284  0.006194         0
   125/199      1.3G   0.03716  0.004956         0   0.04211        15       416    0.7997    0.7273    0.6486    0.3052   0.04303  0.005832         0
   126/199      1.3G   0.03747  0.005035         0   0.04251         8       416    0.7998    0.7273    0.6282    0.3215   0.04284  0.006348         0
   127/199      1.3G   0.03745  0.004995         0   0.04244         8       416    0.8999    0.8182    0.8067    0.3296   0.04148  0.006574         0
   128/199      1.3G   0.03677   0.00503         0    0.0418        17       416    0.8999    0.8182    0.8066    0.3336   0.04108   0.00651         0
   129/199      1.3G   0.03745  0.005015         0   0.04247        12       416         1     0.909    0.9058    0.3514   0.04227  0.006538         0
   130/199      1.3G    0.0368  0.004867         0   0.04167        10       416    0.8998    0.8182    0.7706    0.3135   0.04192  0.006592         0
   131/199      1.3G   0.03595   0.00487         0   0.04082         7       416    0.8999    0.8182    0.7796    0.3519   0.04227   0.00645         0
   132/199      1.3G    0.0369  0.004984         0   0.04188        12       416       0.9    0.8182    0.8068    0.3291   0.04299  0.006379         0
   133/199      1.3G   0.03662  0.004861         0   0.04148         8       416       0.9    0.8181    0.7978    0.3566   0.04176  0.006437         0
   134/199      1.3G   0.03647  0.004995         0   0.04146        17       416       0.8    0.7271    0.7206    0.3425   0.04273  0.006356         0
   135/199      1.3G   0.03563  0.004888         0   0.04052        13       416       0.8    0.7272    0.6509    0.3313   0.04214  0.006345         0
   136/199      1.3G    0.0361  0.004734         0   0.04083        10       416    0.7999    0.7273    0.6625     0.311   0.04302  0.006584         0
   137/199      1.3G   0.03632  0.004964         0   0.04128         8       416       0.9    0.8181    0.7977    0.3266   0.04192    0.0065         0
   138/199      1.3G   0.03544  0.004913         0   0.04035        10       416    0.7778    0.6363    0.5976    0.3125   0.04368  0.006434         0
   139/199      1.3G    0.0356  0.004836         0   0.04044         8       416       0.8    0.7272    0.5886    0.2907   0.04276  0.006353         0
   140/199      1.3G   0.03656  0.004845         0    0.0414         7       416    0.7998    0.7273    0.5929    0.2977   0.04195   0.00605         0
   141/199      1.3G   0.03615  0.004932         0   0.04109        11       416    0.7999    0.7273    0.6266    0.3274    0.0422  0.006124         0
   142/199      1.3G   0.03569  0.004763         0   0.04046        11       416       0.8    0.7272    0.6382    0.3269   0.04183  0.006094         0
   143/199      1.3G   0.03504  0.004785         0   0.03982         9       416    0.7998    0.7273    0.6381    0.3296   0.04235  0.006046         0
   144/199      1.3G   0.03546  0.004877         0   0.04033         8       416    0.9998    0.9091    0.9175    0.3532   0.04054  0.006003         0
   145/199      1.3G   0.03588  0.004762         0   0.04064        15       416       0.9    0.8181    0.7769    0.3195   0.03929  0.006088         0
   146/199      1.3G   0.03484  0.004767         0    0.0396        11       416    0.8999    0.8182    0.8021    0.3636   0.03839  0.006115         0
   147/199      1.3G   0.03466  0.004752         0   0.03941        12       416         1    0.9089    0.9265    0.3361   0.03844   0.00611         0
   148/199      1.3G   0.03556   0.00465         0   0.04021         9       416    0.8997    0.8182    0.7887    0.3423   0.03908  0.006206         0
   149/199      1.3G   0.03444  0.004799         0   0.03924         9       416       0.8    0.7272    0.7283    0.3084   0.04081   0.00663         0
   150/199      1.3G   0.03481  0.004857         0   0.03967        14       416    0.7998    0.7273    0.7217     0.301     0.042  0.006589         0
   151/199      1.3G   0.03419  0.004811         0     0.039         8       416       0.7    0.6364    0.6021    0.3064   0.04241  0.006379         0
   152/199      1.3G   0.03439   0.00481         0    0.0392        12       416     0.996    0.6364    0.7482    0.3288   0.04273  0.006386         0
   153/199      1.3G   0.03418  0.004775         0   0.03895         9       416    0.6999    0.6364    0.5812    0.2889   0.04187  0.006463         0
   154/199      1.3G   0.03396  0.004662         0   0.03862         7       416    0.6998    0.6364    0.5623    0.2946    0.0425  0.006549         0
   155/199      1.3G   0.03407  0.004685         0   0.03876        11       416    0.7778    0.6363    0.5771    0.2923   0.04204  0.006615         0
   156/199      1.3G   0.03404  0.004672         0   0.03871         8       416       0.9    0.8182    0.7438    0.3096   0.04097  0.006613         0
   157/199      1.3G   0.03357  0.004726         0   0.03829         9       416       0.9     0.818    0.7438    0.3026   0.04044  0.006404         0
   158/199      1.3G   0.03376  0.004736         0   0.03849        12       416    0.8887    0.7273    0.7035    0.3263   0.03984  0.006525         0
   159/199      1.3G   0.03471  0.004668         0   0.03938        10       416    0.8889     0.727    0.7098    0.3109   0.04072   0.00655         0
   160/199      1.3G    0.0338  0.004685         0   0.03848        17       416    0.7999    0.7273    0.6966    0.3189   0.04091  0.006613         0
   161/199      1.3G   0.03344  0.004713         0   0.03815        10       416    0.7999    0.7273    0.7165    0.3449   0.03998  0.006624         0
   162/199      1.3G   0.03365  0.004634         0   0.03829         6       416         1    0.8181    0.8828    0.3429   0.03987  0.006567         0
   163/199      1.3G    0.0339  0.004715         0   0.03861        15       416         1    0.8179    0.8751    0.3339   0.04001  0.006667         0
   164/199      1.3G   0.03369  0.004623         0   0.03831         6       416    0.9999    0.8182     0.894    0.3493   0.04003  0.006496         0
   165/199      1.3G    0.0337  0.004712         0   0.03842         7       416         1     0.818    0.9182    0.3213   0.03995   0.00622         0
   166/199      1.3G   0.03357  0.004734         0    0.0383        12       416    0.9088    0.9091    0.9242    0.3277   0.04022  0.006125         0
   167/199      1.3G   0.03353  0.004593         0   0.03813        15       416    0.9091    0.9088    0.9223    0.3494   0.04012  0.006189         0
   168/199      1.3G   0.03317  0.004576         0   0.03774        10       416    0.8999    0.8182    0.8959    0.3357   0.03998  0.006252         0
   169/199      1.3G   0.03336  0.004743         0    0.0381        11       416         1    0.8179    0.8725    0.3236   0.04044  0.006344         0
   170/199      1.3G   0.03335    0.0047         0   0.03805        13       416    0.8998    0.8182    0.8636     0.321   0.04063  0.006356         0
   171/199      1.3G   0.03302  0.004627         0   0.03765         7       416         1    0.8181    0.8666     0.329     0.041  0.006473         0
   172/199      1.3G   0.03343   0.00465         0   0.03808        12       416    0.8889    0.7271    0.7548    0.3075   0.04117  0.006543         0
   173/199      1.3G    0.0341  0.004639         0   0.03874        13       416    0.7777    0.6363    0.6238    0.2936   0.04138   0.00653         0
   174/199      1.3G   0.03234  0.004672         0   0.03701        13       416    0.7778    0.6363    0.5881     0.296   0.04113   0.00645         0
   175/199      1.3G    0.0326  0.004579         0   0.03718        17       416    0.7778    0.6363    0.5814    0.2936   0.04143  0.006339         0
   176/199      1.3G   0.03278  0.004559         0   0.03734        14       416       0.9     0.818    0.7978    0.3096   0.04123   0.00616         0
   177/199      1.3G   0.03261  0.004678         0   0.03729        14       416    0.8999    0.8182    0.7978    0.3096   0.04109   0.00617         0
   178/199      1.3G   0.03214  0.004714         0   0.03686        11       416    0.8886    0.7273    0.7563    0.3222   0.04121  0.006198         0
   179/199      1.3G   0.03265  0.004565         0   0.03722        14       416       0.9    0.8179    0.8101    0.3053   0.04103  0.006111         0
   180/199      1.3G   0.03184  0.004527         0   0.03637        15       416    0.9998    0.9091    0.9204    0.3165   0.04101  0.006101         0
   181/199      1.3G   0.03175  0.004494         0   0.03625        11       416         1     0.909    0.9218    0.3167   0.04072  0.006058         0
   182/199      1.3G   0.03276  0.004609         0   0.03737        21       416         1    0.8182    0.8803    0.3354   0.04073  0.006062         0
   183/199      1.3G   0.03192  0.004567         0   0.03648        13       416    0.9996    0.8182     0.876    0.3423   0.04091  0.006106         0
   184/199      1.3G   0.03191  0.004594         0    0.0365         6       416    0.9994    0.8182    0.8471    0.3212   0.04125  0.006244         0
   185/199      1.3G   0.03187  0.004419         0   0.03629        12       416    0.9998    0.6364    0.7368    0.3117   0.04156   0.00639         0
   186/199      1.3G   0.03234   0.00465         0   0.03699        13       416    0.9975    0.6364    0.7379    0.3097   0.04176  0.006463         0
   187/199      1.3G   0.03232   0.00462         0   0.03694         6       416    0.8998    0.8182    0.8393    0.3188   0.04165  0.006507         0
   188/199      1.3G   0.03152  0.004431         0   0.03595        13       416       0.9    0.8182    0.8392    0.3174    0.0415  0.006466         0
   189/199      1.3G    0.0318  0.004528         0   0.03633         9       416    0.9994    0.7273    0.8173    0.3233   0.04152  0.006501         0
   190/199      1.3G   0.03189   0.00449         0   0.03638         9       416         1    0.7268    0.8045    0.3174   0.04136  0.006568         0
   191/199      1.3G   0.03223  0.004673         0    0.0369        16       416     0.875    0.6362     0.641    0.3007   0.04126  0.006593         0
   192/199      1.3G   0.03198  0.004521         0   0.03651        11       416    0.7774    0.6364    0.6293     0.295   0.04113  0.006607         0
   193/199      1.3G   0.03193  0.004481         0   0.03641        11       416    0.8749    0.6358    0.6509    0.3052   0.04081  0.006618         0
   194/199      1.3G   0.03153   0.00469         0   0.03622        11       416     0.875    0.6362    0.6623    0.2991    0.0407  0.006595         0
   195/199      1.3G   0.03141  0.004494         0    0.0359         8       416     0.875    0.6363    0.6536    0.2898    0.0407  0.006572         0
   196/199      1.3G    0.0315  0.004533         0   0.03603        14       416    0.9997    0.7273    0.8216    0.3099   0.04092  0.006569         0
   197/199      1.3G   0.03122  0.004355         0   0.03557        23       416    0.7273    0.7272    0.6509    0.2913   0.04099  0.006578         0
   198/199      1.3G   0.03148  0.004518         0     0.036        11       416         1    0.6364    0.7351    0.3085   0.04115  0.006578         0
   199/199      1.3G   0.03212  0.004451         0   0.03657        14       416    0.8566    0.5455    0.5687    0.2895   0.04134   0.00655         0
